/*--------------------------------*- C++ -*----------------------------------*\
| =========                 |                                                 |
| \\      /  F ield         | OpenFOAM: The Open Source CFD Toolbox           |
|  \\    /   O peration     | Version:  2112                                  |
|   \\  /    A nd           | Website:  www.openfoam.com                      |
|    \\/     M anipulation  |                                                 |
\*---------------------------------------------------------------------------*/
FoamFile
{
    version     2.0;
    format      ascii;
    arch        "LSB;label=32;scalar=64";
    note        "nPoints:1576  nCells:6514  nFaces:13928  nInternalFaces:12128";
    class       labelList;
    location    "constant/polyMesh";
    object      neighbour;
}
// * * * * * * * * * * * * * * * * * * * * * * * * * * * * * * * * * * * * * //


12128
(
349
2535
2884
4977
66
767
2780
6416
1069
1775
4075
6023
10
619
2544
3686
721
4890
5450
5861
1390
1444
2978
5353
2411
3042
3202
3902
6082
720
1969
2418
2733
583
1994
4732
5358
374
634
5872
1225
2204
2667
3051
1334
1341
1923
5679
1431
3166
4720
4752
20
41
1608
5284
134
4149
5051
5691
1011
2409
3204
4548
1818
2837
3968
30
2931
3966
4433
2127
3729
5140
29
536
6059
81
1733
1810
4136
2931
2936
2950
3448
207
996
1244
1695
83
826
3108
4485
522
3872
5978
6015
351
712
4601
4603
1702
4091
5191
6507
1333
2710
5127
5281
1275
2535
2700
32
2314
6015
55
2218
3843
3897
5481
5978
6017
1480
1570
3614
4612
2270
3560
3688
4150
1851
2429
2919
763
1884
4979
265
1330
2098
520
3575
3970
135
3224
4086
4432
1957
3332
3683
5881
529
987
4208
1408
1549
5355
1248
1704
2552
5927
1467
4287
5277
5460
52
3352
3584
5201
47
1230
2348
5722
1916
2205
4264
3257
5339
5486
530
4888
5392
991
1030
1180
4328
1018
3120
4515
5206
2074
4514
6432
73
79
2813
3853
1946
3556
3773
4228
107
2313
3955
1081
2835
5039
327
584
1861
3760
1566
2005
3280
5126
1576
2263
4468
4884
228
3909
4043
6473
228
2569
4061
4969
793
912
2201
3705
103
448
1767
5072
2304
4036
4317
5094
195
995
1591
4460
1499
2504
4191
619
1551
2229
2524
881
1750
4045
4733
1599
2405
3714
5036
5797
6042
6046
593
602
1053
2660
2488
3588
5143
5678
1290
2229
4803
2244
4185
4392
4508
1714
2184
3104
4521
4072
4089
4095
6147
2091
2379
3075
5747
178
184
4224
5998
152
1766
1766
3562
5788
1328
2014
4282
3037
3093
4740
4748
127
2367
4460
1421
2510
3507
4618
86
1865
3055
4991
900
1883
3876
1251
1899
4687
4968
646
2493
2691
3003
4502
6251
91
4046
4941
5930
94
101
3923
3791
5618
5619
213
4157
4673
4960
2787
4940
4948
910
2430
2615
3304
1474
2433
3815
4326
462
2086
3903
789
2260
3146
4172
2043
2180
3719
6344
756
2231
2855
3121
2554
2787
4122
3518
4113
4429
5846
471
5411
5656
1462
4838
5289
107
120
4466
5447
2571
3921
3927
5049
117
2218
641
3967
4771
1912
2031
4490
1370
1381
2635
4563
882
1065
1577
2642
3289
3380
4420
5943
1214
2542
3748
5055
647
1007
1120
282
933
3044
5812
689
4922
6402
120
153
4155
1402
2197
4188
4989
746
1758
3223
5592
3683
5804
1905
3426
3724
6102
873
1787
3611
1348
2080
2385
4072
338
348
2856
4588
2367
4485
6169
489
2903
4092
6455
2645
5823
633
4671
5041
5056
717
734
838
862
2335
3711
6285
3548
4503
1126
2509
2769
3912
197
3023
4082
4088
264
1852
6138
1983
3918
5066
828
1395
2572
2938
1864
1878
2837
5041
145
930
4021
4459
1977
4581
5338
5346
3050
3172
5133
5766
3151
4841
5493
725
1633
2162
1219
2432
2737
6440
440
1352
2802
3053
153
3138
5884
702
3634
6459
6478
153
604
2930
3683
4092
4755
4863
5469
3132
4334
4657
6314
1097
2494
4011
5084
346
707
3947
5333
3851
5854
3955
729
2135
2767
5807
4782
4987
6480
6500
2287
3109
3117
3613
514
4009
5067
6365
625
884
5083
5750
2685
2919
560
819
1165
6160
1712
3624
5038
5428
2399
4615
4623
6464
752
1989
2148
6359
430
1176
4609
903
3563
5012
5944
708
903
2323
6169
1965
2635
4657
5911
888
2718
4422
4591
2214
2611
4893
6277
174
3457
3673
5149
605
2093
3433
5192
351
882
1164
5912
566
597
975
6244
3904
4726
6321
654
3827
5252
6356
1358
5369
5378
403
418
5242
6086
447
551
1519
410
1451
3171
4722
1683
2402
2532
3068
653
926
3098
3835
423
1492
4116
4214
895
1270
2644
6326
186
423
6260
1643
3910
5649
1731
2872
5021
414
1666
2441
3910
820
1048
4369
4394
1573
2140
4406
607
3264
4322
6287
1809
4260
4283
314
2084
2570
6054
3011
3317
5054
6243
1542
3616
4426
4960
505
4462
6303
1069
3886
5316
6123
1128
2827
3646
4160
4433
4945
6444
2646
3563
3895
4440
1861
4280
5104
1440
3564
4761
2105
2711
4293
6152
1737
4022
5064
5540
3459
4652
6185
6404
218
2205
5400
6123
378
561
2264
3568
397
4360
4783
650
2827
2847
5780
3920
4672
5480
5515
1365
3905
5428
487
881
5069
5687
1404
5393
5405
1228
1818
3968
2398
2738
4358
6508
364
3149
5924
6000
1075
3270
6227
6230
387
2002
3283
4227
234
6274
6315
1070
2999
3438
3528
1877
3110
3512
6071
389
4612
5949
6266
301
2907
4670
6043
916
3372
3978
2084
3390
3622
3978
645
2091
3492
5570
354
1313
4327
4585
261
1312
2217
6211
946
2796
938
4050
4304
827
2527
4285
5690
714
771
3648
5546
2069
4646
5657
5932
1569
4186
5568
660
3310
5114
1308
2355
6318
1581
2638
2000
2007
4917
6004
622
1567
1582
2702
1114
3787
4666
4846
256
2578
3953
4261
257
1922
2222
4749
2008
2020
2425
4260
890
1234
2061
4371
1941
2053
2884
3658
1245
1315
4261
2142
2850
3057
5481
1506
3676
648
2830
5851
307
3544
5299
5510
4107
4822
5051
5495
1810
4838
6111
6325
945
3939
5549
6167
261
3920
3954
5779
677
830
1510
5945
1472
4282
6239
6240
966
1711
4846
743
1245
1908
1856
5056
5515
6211
6179
6180
6358
6359
295
1712
4906
5427
269
5440
756
1950
4320
743
1708
2221
691
1647
5535
572
3466
4187
2056
4634
5886
4262
4640
5060
1251
1716
1729
3933
2922
4154
5052
302
2837
4671
6054
2325
2618
2650
3045
2073
2084
3371
4044
1239
3630
4262
4973
2000
2028
4911
5933
277
297
1729
5981
2041
2045
2123
2183
280
283
3933
1559
3331
3334
4481
306
3305
4684
5462
322
3723
3932
921
3122
3242
800
1119
4489
1062
4908
5977
1272
1926
2947
1375
1413
4102
5931
720
1348
4073
5093
433
3570
3572
356
2731
3664
680
3946
4070
4115
4495
4536
5583
6196
2548
4216
4530
5407
641
2265
5304
5839
3416
4509
4852
6142
897
1271
3640
6161
468
4274
4276
2935
3236
5894
322
630
2539
3984
4162
6135
1208
2695
2921
5040
471
1792
4815
5699
302
3513
5042
304
314
321
329
1971
339
2791
3374
2401
5353
5030
5542
5980
2472
3694
4417
3596
3636
3934
5934
683
1885
3143
987
2534
2823
3922
956
1012
2345
2490
329
4210
4338
4347
994
1477
1517
5223
5462
6139
2242
2251
3388
5874
985
3018
4879
4892
2820
2849
2892
3381
394
3594
4647
5801
806
3325
4379
6047
470
2508
4620
6095
974
4210
6019
5038
6088
457
1588
2360
330
2219
2435
6013
674
2219
3527
6013
841
2634
3962
1985
3248
5101
611
5938
5941
1151
344
716
1841
628
809
3368
5559
2017
2411
5799
6177
2651
2683
4978
5238
879
4428
4787
5071
2587
3000
5144
6219
1294
2185
2576
5370
1671
3812
4832
5991
3104
3527
4662
2837
5446
821
1572
3979
6313
1925
3657
5723
5993
1022
3136
6363
4380
4768
4886
4651
4791
5435
1406
3954
3986
5655
1305
4157
6060
5617
5619
2753
2811
5897
526
532
536
397
3499
4027
6148
1065
3234
443
1024
5099
5110
3024
3346
3806
4435
1449
1624
2594
620
1031
1614
1748
1107
1134
3748
1173
1796
2452
6283
812
4534
4541
1067
1470
1473
5526
2634
3375
4877
1774
2736
5335
5851
439
1494
3986
5036
439
700
1494
1507
951
2627
3318
1400
2002
2686
5945
2243
3899
3901
1429
1626
3545
4114
1964
2453
5215
383
1760
1761
4038
1605
2582
3709
6423
740
1195
2269
4115
377
700
2298
1707
5889
1343
4641
5680
1194
1512
4918
1292
3232
4915
5752
1507
4885
2234
2909
3896
2220
2237
3827
601
2508
2609
4620
1823
6048
6051
6290
432
3574
4289
6101
1325
5643
6099
2846
4481
4484
5895
389
444
6048
1178
1675
2805
4997
2637
2638
2640
1485
5236
5960
3514
5963
620
1726
4029
1936
3811
5099
5899
543
741
1089
2865
555
1660
3666
4853
5117
5799
5196
5969
6205
6312
1086
5458
5634
4992
5363
637
678
1855
4234
4038
4143
5709
6099
2580
4026
4811
4816
3825
5291
2155
3767
4656
5200
414
5243
5246
2292
3891
6433
795
4866
6047
1394
3638
731
5641
6373
1003
2663
5300
590
609
6143
6388
3590
5756
1325
4642
5076
5680
1960
4454
5463
5924
1395
3230
4026
5540
1374
4024
482
668
3386
772
1048
3304
5247
2164
2344
2549
3356
1934
3189
4024
794
1853
2910
5928
2543
3465
6263
2025
3154
3648
887
1854
3165
4395
2877
5021
4021
5066
5070
5879
478
3849
5742
445
1663
3634
5365
485
2165
4217
950
3357
4874
5710
3361
4568
4607
936
4052
4204
1780
3409
5337
2596
5735
5840
4718
5737
6432
1094
2394
4017
4236
1222
1493
2166
4640
1286
2081
4123
4241
1594
2724
4223
1297
2317
2334
5412
5509
5797
3449
4174
4465
2191
5434
6504
2863
4883
5412
1371
4253
5627
1380
1823
3514
3362
5412
6122
1880
2192
2742
6357
790
5384
5452
1886
5411
5685
1891
1897
2778
3131
672
1217
2339
3684
4245
4566
1232
3665
5044
6511
454
461
576
1552
455
1925
3657
494
2071
5383
2901
3800
4871
5810
2067
2700
5836
1204
1931
5939
5941
909
1057
2024
6443
1248
4352
4674
5394
1479
2321
5717
2231
2812
3192
2191
2972
4195
6503
608
671
2561
3934
1684
3926
4335
4587
467
470
3298
5182
750
1527
4579
5090
5576
6371
1398
3181
5242
6270
4028
6117
2326
3356
2370
3274
5376
680
1233
2419
4433
3586
4374
4503
2160
2359
3335
5365
3812
5783
6095
6117
498
2134
2184
4662
479
581
487
1150
2980
2495
4139
4512
6216
1540
2761
4097
5674
1833
4363
3764
4664
5736
4456
4993
6150
512
3998
5524
1819
1991
2696
3661
581
5710
750
928
3298
4426
5453
6226
1621
4080
5120
5165
1485
2771
4333
5254
1479
5699
5700
6099
2770
3949
4169
6495
3203
3657
4855
555
2675
3651
3658
931
2415
3645
5065
685
2967
3609
4815
2245
4221
4658
1191
2204
2328
4297
553
780
3314
3927
512
1433
2165
4370
2676
5253
5759
898
3672
4090
6467
1454
2586
6227
1002
4643
6219
1295
1981
3917
587
1373
1599
4346
748
1403
4207
4739
3026
3571
5536
1219
1683
2432
2626
1900
2698
2739
4420
517
5497
1352
3026
4493
4501
636
1082
3159
1717
3011
4824
6457
1433
1665
5599
5732
524
3610
3662
524
554
3389
3610
4196
4231
5950
810
4812
6489
1097
3342
6264
6484
4101
4869
5336
1816
2850
3872
4225
4370
5604
1397
2455
3505
5989
535
763
3408
2718
4949
5953
6296
1422
4138
6193
6307
536
1872
2150
723
1080
781
912
1179
5018
533
2124
3797
2141
2150
2859
1160
3711
4900
3160
4963
5753
3160
2665
4320
4342
5557
600
2865
4200
6324
603
794
4857
6263
541
1277
3011
5468
4707
4755
5469
2398
2626
4376
6508
711
3171
4633
1276
1623
3500
4555
2629
2842
4479
6412
673
1841
4303
4588
713
1407
2031
5828
973
2098
3469
685
2276
5188
5992
1330
3556
3772
4532
553
4702
5414
3727
4005
4202
5158
1519
4100
3689
4017
5587
1538
3938
961
1544
2788
5459
784
2286
5042
6046
1673
1687
1828
5773
581
1481
2953
2976
2673
3464
2909
3553
4531
3030
3116
4083
4296
1410
1689
4781
5311
4447
4484
5625
5964
1568
5430
5704
6487
2874
5355
1355
1370
1381
4740
1201
1207
1229
4668
885
1107
2247
6055
2593
2948
6128
6442
625
3125
3145
4710
1437
2098
5681
4286
1564
3789
4649
1143
1927
3741
4131
618
619
634
959
3232
3352
3854
1010
1509
3771
5314
2495
3084
3176
4649
617
1428
1430
2698
585
1640
1670
4931
1982
2341
1637
2679
5128
2976
4874
1299
1435
2749
3767
1030
3290
3714
2481
3100
4486
1404
4081
4290
4418
594
2759
5437
1429
4127
5508
6174
3120
4302
4519
2202
6291
1316
4721
6380
1037
1553
3214
1555
1745
5658
5856
1697
4390
5295
1061
1330
2493
962
1437
3064
4879
736
5150
5234
1770
2945
5152
1136
1521
4921
762
1274
5718
4021
5881
6342
906
3436
4518
2289
3623
3625
5452
3035
5140
6272
876
2727
5716
2759
5279
2678
3463
4516
1716
2777
5940
744
819
2109
6149
903
1921
3563
5215
1124
3851
5663
5679
1218
1717
3872
5336
1325
1341
1761
2708
1166
1742
4325
1552
3667
4143
4655
2170
4575
1659
2054
4312
4497
1555
3300
4032
779
2458
3173
4454
768
2728
2739
5911
4744
5080
829
1554
2720
4137
765
1837
4168
5703
3972
4002
5980
1235
2110
3244
3262
3919
5019
5764
740
930
3138
5755
1126
1587
2741
6007
1856
5778
6060
1479
5313
3217
4439
4583
5912
2860
5066
6183
648
3228
5847
1103
3988
4969
6119
1012
1187
3587
4137
1580
2195
6278
6485
1756
5492
1573
3367
4406
3054
6204
6303
1812
1983
3229
5521
1997
3075
5571
2496
3774
1779
3262
5567
1066
1867
1290
2545
3686
1128
6226
6455
1015
4438
4860
6292
3172
3560
3865
4974
1802
2838
5410
1801
2003
3822
2409
4131
4604
5174
4256
4273
5998
6260
4735
5988
1015
2682
5335
1232
2122
2291
5103
661
1537
2556
672
1202
1217
1184
4395
4899
5239
1643
3070
856
2694
3501
6327
913
3887
5368
6122
723
1081
5545
815
1807
4046
5981
5650
691
1610
1852
4110
1066
2920
4234
5344
5346
5716
3221
5114
1813
3142
4589
2854
4268
5309
3076
4097
4705
6130
2329
2362
3690
5808
3184
4723
3228
4555
5334
2586
3155
4258
5370
3873
5954
5264
5693
5716
857
1743
1745
5856
797
2691
1654
3374
5489
1760
4014
1037
1410
4597
1901
1912
2014
2302
4000
5948
768
2428
6400
2767
3022
4598
5002
1110
1596
997
1561
1825
5123
1216
1976
3289
3855
1861
4592
5101
2901
3987
4066
6055
4468
6124
6445
724
3387
3405
3791
5125
5672
1592
3962
5268
1480
2282
1957
4432
4829
5676
3362
5476
2156
2168
6348
2768
4207
4785
5002
1186
3457
4375
6305
2347
4431
5014
5334
5532
5733
6060
2367
4460
4462
1392
4765
5131
5148
953
3434
3656
3976
1088
3161
3169
2443
5435
5912
1417
5566
5824
1142
5529
1271
1905
3762
4808
1090
4226
5775
758
1395
2951
1823
1875
3423
6369
1534
4738
5366
5375
3779
5465
3252
4148
6301
741
1112
2154
6305
5466
730
2365
5619
3497
3756
2557
3794
5552
5715
3562
3585
5147
5678
5111
5623
5731
6086
1617
1622
2472
4301
5617
3902
5644
6082
1759
1930
2809
2957
2206
3857
5455
746
2951
1932
4233
4398
5249
1188
1551
2551
3907
4692
5938
2063
2751
2764
4451
893
1306
2412
2515
4109
5137
751
6304
1586
1594
3778
5759
4350
1165
2584
2027
3739
3740
1894
5644
2942
4160
4985
6027
1036
1928
2900
998
2004
2262
4962
1762
4480
1456
3177
4633
5813
6179
2209
3205
5706
2951
4193
5644
6065
2226
3593
3607
5251
4074
993
4076
4954
5441
1258
3389
5540
5664
5720
1331
1342
3313
4747
2935
4037
5607
2910
5337
2917
6257
1655
2441
6378
1731
2296
5424
2605
3875
3880
4964
3765
5310
5312
4922
5390
1473
2453
3438
4463
2111
2354
2355
5374
1981
2093
3002
2311
2315
5921
996
2923
3103
5419
807
1314
2066
2905
2654
2840
3153
3640
1884
4348
4507
6171
4543
5883
6252
1103
5102
6198
6379
834
3747
3751
1862
4100
4773
883
1131
1584
1226
2350
4130
6224
2291
2845
5783
6437
1650
6042
6043
3390
4552
5325
6489
2290
2297
2866
6451
1079
1678
1732
1768
1800
2211
3796
6316
1363
5088
2289
2388
2712
1864
3968
4157
6428
798
2855
4520
5132
3321
3719
5557
2065
2223
824
5802
1132
2986
4427
5999
2913
4351
1357
2407
5205
3261
3699
5205
5785
1348
2080
5145
2423
4612
6041
6046
3015
3284
4513
4843
856
1279
2806
1869
3409
1959
3284
5825
1504
4886
6033
989
2915
4144
3619
3781
4037
4236
2100
4018
5572
1101
3970
830
2002
3283
4570
5062
971
5207
6468
5564
5565
6468
2238
2875
6336
835
2681
4893
5357
1788
4136
4839
6494
825
2467
4843
1253
3740
878
4899
5154
1247
4686
6069
1591
3805
5227
5386
3337
3754
4535
5094
4571
6047
6049
3284
3742
3445
4453
5231
3190
4624
5079
838
5597
1745
3300
4034
1389
836
3777
5465
5812
1754
3691
5893
6269
2114
3462
5491
6392
914
3173
6232
2214
4388
6512
2116
3315
4319
2625
5640
5730
6077
5062
1383
2036
3174
4346
2046
2618
2619
5498
2686
2828
4227
1322
2619
1876
1903
2765
5269
1157
1593
1614
1993
857
2896
4378
5950
2021
4842
4856
6188
4595
4898
5902
2054
2687
4355
6382
1998
2214
2799
6241
2082
5024
5498
1678
2186
3173
3521
1958
2636
3032
5007
1167
1513
2665
3777
1149
3290
6427
3607
5251
5341
2451
5523
5273
5957
1241
2056
2997
3755
1910
3357
4874
6104
1413
4102
4291
5749
1682
2019
5147
5789
3708
5062
5592
2372
4663
4957
5362
2293
2469
5318
3041
3145
3173
5806
868
3321
4520
6415
1673
1976
3142
4785
3785
4209
5141
2060
2178
3820
5296
1274
1489
3663
3749
959
4414
4872
5794
1589
2816
5138
5141
1150
2468
882
2456
3520
4428
2538
4614
6178
6185
986
3929
2129
2155
4664
5715
5100
5320
6441
3521
4665
6133
1394
4682
4813
1481
3659
4901
1179
3106
3129
1310
3145
6296
2073
4068
4387
2364
3695
3810
5463
1331
2842
3875
3521
4221
4669
2538
3095
4614
6424
3028
3056
3256
3647
3889
4424
4953
2009
2261
2431
3644
2989
3255
3969
1122
1625
2858
3984
900
3429
3808
2505
3559
5238
5295
3052
3449
4099
1979
3208
4802
1839
2035
2644
3680
1312
2217
5774
5778
4151
4540
5583
6196
4118
1077
2270
2278
4150
2649
3427
3428
4794
1800
3652
4147
1339
2226
3626
5217
1404
2040
4418
1777
3277
6107
1338
2009
2308
925
935
1999
3496
3769
4247
2268
4142
6093
2092
4584
6151
1419
4356
5258
6118
1818
2570
2181
2311
3336
3587
920
927
2969
5265
1286
1327
3275
3285
949
2991
5956
1857
1871
1055
2546
2795
4989
1060
2498
3092
5969
1550
3098
3839
5982
1723
4757
5156
957
2268
6120
944
947
4764
3868
4408
2267
4275
4474
1649
2870
1369
4693
5048
3546
3652
3727
5158
3195
4489
2369
3324
5369
1461
4757
5157
1516
3663
1095
1586
3919
4853
1881
5936
6370
1212
1257
1366
2110
1680
2005
3510
3535
2668
4151
4805
6352
1041
4313
4799
6212
1016
2624
3293
949
1550
3879
2885
5155
1069
3720
4075
1189
2987
3685
2666
3050
5133
6231
4394
6337
3358
3795
1358
4421
5378
1713
4548
5164
3303
3601
3821
2248
3762
5192
6199
956
1042
1419
5956
1187
5247
1272
1514
1668
1090
1744
2135
2642
979
2029
3164
5093
5145
5557
1177
4706
967
985
6397
2059
2554
4692
6265
2128
3923
4069
1039
1368
3766
5865
1114
4919
5586
1000
1532
2021
2882
4157
5053
5453
2788
3550
4702
5414
1667
2034
4923
5321
981
1172
1807
2138
2238
4116
1017
3078
1747
5390
1137
1697
1637
2486
2706
3443
1354
1752
2525
4633
1412
2680
2883
4560
2034
3363
5343
1087
2435
3539
5901
985
1004
3715
3989
5748
6172
6234
1115
2583
4077
4090
3394
3592
4275
1000
4736
5988
2871
4094
1051
1386
3104
4382
2324
2905
4707
1487
3850
4220
4818
1149
4946
2472
3544
5617
2836
4435
5442
3100
3548
4503
4058
5823
6303
2803
6036
1355
3166
6134
4479
4826
4884
1964
2332
3438
3446
1172
2414
1004
3488
5209
6401
1913
4499
5527
3118
5139
5171
3716
5207
2264
2788
3495
4706
3807
4673
4858
4960
2101
4333
5250
1721
5550
6362
1966
3395
4581
4675
3395
4923
5736
1598
1721
2798
1686
3336
2057
2193
2439
2904
1601
2022
5314
5350
2736
5608
2662
5378
3773
4228
6284
3475
5570
1140
2970
2981
3253
3869
4313
4842
6188
3533
4674
5394
5933
1032
5552
5556
1658
3758
4672
5029
3677
3700
5658
4131
5714
5832
6463
1919
2835
3351
4396
3041
3124
3267
6447
3498
4618
4619
5665
1842
1857
1863
6509
1149
1373
2161
4444
5626
3794
5548
6363
1359
3054
4058
6206
2841
2879
4341
5748
2757
3008
5435
5775
1673
2479
2753
3102
4780
1751
3414
5291
1303
1304
4889
1043
2000
4917
5303
1795
3287
4817
1187
4034
5265
2028
2166
3635
1735
2343
3117
3492
2007
4729
5316
6443
1353
1638
3095
6308
2017
2152
4648
5657
2615
2833
1193
3168
3436
4713
1368
2500
3193
3212
1237
1518
5403
4189
4653
6209
6312
1319
1703
3459
4512
4652
4725
1163
1961
5007
2172
5652
5711
5961
3421
3654
4776
1206
1361
1469
1846
2078
5398
6420
2865
6304
6324
4532
4533
6191
1083
1846
4772
2008
2018
4266
2354
3401
6421
3525
5849
1840
1164
2646
4440
2333
3694
3815
2196
1075
3079
5517
3641
4147
4198
5159
1198
2020
2425
6223
1344
2307
3906
4745
1499
3642
5113
6297
2018
4258
2770
4164
6472
3178
3313
3969
1806
2004
3647
4953
1753
1828
2245
2131
4398
5249
2434
5269
5067
5070
5758
1656
2351
5770
1107
2247
2692
4181
1596
1610
1623
1631
2298
2899
4413
3019
4898
5898
1089
1511
5148
1112
4200
3542
5807
1376
2054
2175
2697
2465
3220
3537
6071
3011
5468
5765
6243
3669
6465
6475
1275
3666
6032
1629
2907
5028
5035
3959
5276
4189
5196
5751
1482
2494
2610
5484
1887
2483
2499
4368
5425
1565
3722
4352
4679
1497
2310
1660
2062
2690
5798
3111
5102
5381
5921
2387
5577
6328
3664
1283
1285
2062
4696
1117
3394
3592
5496
1227
2218
5027
1203
3516
4496
4536
4375
6202
1125
1996
3063
4063
3928
5213
1139
2203
2647
1122
1610
3746
6062
1309
1340
3254
1492
2600
5019
6265
4074
4320
5145
3456
6396
1918
5553
5686
6363
1847
5503
1547
1631
4831
5503
1161
1682
5793
4710
6172
6234
6011
6157
1628
2694
4237
5624
2882
5053
2247
3454
3987
4858
1708
2876
4353
3063
3769
6233
2144
3057
4873
5351
4068
5055
1604
4817
5183
6212
1703
3112
5279
1701
4389
1147
2546
2795
5003
1141
3153
3733
1942
3195
2248
3552
3707
2790
4493
4896
4911
4924
3006
4072
4073
5167
3279
3285
6320
1154
3134
3596
4911
1402
2588
2828
1431
1465
2711
4840
1382
1158
4347
6154
1255
2306
6279
6446
3078
3099
6255
6284
1704
3533
5927
1159
2596
3685
3866
1576
2482
6498
2506
4728
5666
3358
4367
1616
3580
4832
3082
3266
1616
3866
5679
1357
4513
5826
5835
1943
4841
5405
1470
2456
2185
4326
4417
1501
4255
5372
2763
2766
5923
4307
4499
6219
2085
2180
4064
3184
3345
4355
6386
4796
4851
1785
1897
5899
1409
1857
2697
2802
3026
6360
1177
3896
4204
3922
4094
1768
3012
4392
2201
5539
2105
5175
5388
1826
4437
5014
6288
1557
3102
3530
3802
3729
4946
6425
1854
2212
2430
1444
3795
4868
4995
2814
4999
5121
5921
1189
4764
5791
3667
6091
1694
2137
2328
4488
1468
3038
5514
1193
1710
4129
6102
1196
1199
1711
4919
1649
1764
5954
1253
3415
6102
3793
4505
5278
2137
5516
1257
3738
5744
3383
5310
5434
6503
3423
5034
1537
4683
5422
1257
3725
4222
1315
2578
1224
3738
4371
6217
4699
4776
6499
1223
6290
6302
2613
3139
4687
4942
1837
2296
2382
3818
4687
4942
5977
1234
3396
5838
1830
3917
5772
6228
1229
2540
4565
2361
2516
2698
2739
5377
2003
4938
3942
4100
4225
2532
2747
1221
2901
4113
4552
3419
3977
5810
3635
4638
6109
1229
2320
3379
3641
4105
6153
2192
2364
2478
1307
1584
6233
1596
1817
4155
1424
1542
5420
6302
1526
4733
5726
3659
4986
5413
5726
2266
5186
2937
3946
4945
2110
3017
1320
4451
6153
3516
4536
5594
5613
1345
4627
3302
4358
4425
1245
4936
5423
1504
4886
5975
1242
1250
3756
1246
1633
2167
3361
5634
6431
2738
6036
6331
3630
1250
4240
2734
4577
4688
4679
4751
2251
3027
3900
4697
2446
2613
5939
1282
2103
2338
4844
1459
6339
3095
3904
5149
5786
2265
2821
6127
2509
2769
3302
6346
1459
2961
4022
4193
1821
1864
5328
6472
1261
4274
4278
2929
4215
2004
4479
4964
5985
1782
2001
3878
3605
3884
4998
5245
3378
3826
5431
5741
2037
2670
3007
6164
1282
2699
3472
4385
4445
5431
4174
4212
4465
1344
4726
6321
2342
3724
1920
6120
1855
2451
4234
4112
5721
1283
5284
1600
1631
4590
1717
2336
4100
1597
2338
5015
5762
3326
3981
5662
5718
5754
6263
2726
3058
5155
4690
1586
1597
2542
2734
3748
3753
2064
2714
4473
2604
4248
2622
5229
5088
6147
6411
1909
2502
5379
5792
1924
1924
2545
5460
2721
2984
3231
3473
5485
5725
5805
3085
5297
2585
3002
3025
3930
4179
4337
2316
4883
5430
2139
2976
4887
6104
1601
1607
5314
2773
3713
4486
5354
1309
2235
3607
5339
1697
3559
4388
5223
3766
6116
3775
6367
1864
5330
5778
2419
2819
6024
2368
4085
5106
2599
5359
3025
3593
1691
1696
1974
2041
4550
5814
6161
1856
4108
2456
2646
5071
1590
5507
6263
1908
1530
1646
5122
1445
2005
3455
4133
2403
4218
4699
6491
3713
4900
3412
4105
4177
1340
3025
4475
5236
5498
2048
2956
5385
2082
2393
4792
5501
4641
2114
3195
5022
5812
2182
4241
5372
1472
4280
6247
6111
6235
6502
3157
3178
1360
1778
3478
6250
3869
4138
6307
2708
3860
3107
3517
4151
4540
1452
3510
5168
5191
1435
2069
3594
4505
1342
1344
3157
5251
1346
4180
4641
4959
2261
3906
1923
3686
4746
1741
4159
1485
3254
3112
4921
3779
5117
5204
6176
2376
3069
3075
6496
3906
3988
4140
5973
2790
4808
1534
4055
4059
2560
3558
6254
4752
5861
1360
5146
6143
6253
1393
3015
3318
3817
2853
4213
5144
2568
4854
1461
2616
3784
1369
4693
5486
2416
5583
1407
5825
5920
4277
5940
2109
3396
4539
2395
4719
4849
5178
2410
6367
2415
1373
6314
4691
5099
5899
1666
2527
4285
5891
4752
1416
1503
1677
1914
3477
5824
1409
1659
3744
1654
1902
2779
4025
2437
5857
6071
6201
2655
5520
5947
5000
6369
3675
6134
4334
4946
6314
1388
2194
4563
1817
3312
3944
5523
4107
4775
5026
6249
1518
4268
5309
1548
6069
6072
3032
5007
5382
1510
2428
3151
1496
1882
5351
1592
2766
3186
5001
1458
1672
3587
2078
5834
5920
1879
5600
5490
2506
3561
5667
3048
4768
4956
2971
3631
5623
5464
5467
5504
6049
1581
3993
1585
2686
2828
5003
2546
4201
2438
2452
5001
1582
1789
2533
3677
3543
5052
5509
2006
2335
2174
4560
3122
1418
2522
1413
1431
1443
4840
6374
1436
1975
2508
4192
4409
2609
2945
4019
5077
3910
5660
1427
5785
5828
1689
4203
1743
5957
2994
4597
5311
1453
4032
4619
1427
5785
5829
3669
6162
6190
3372
5454
2315
2833
2941
3343
1433
1803
2971
5202
6417
3520
3523
5377
1866
3628
2433
3828
4326
5749
1707
1754
2527
5893
1506
2409
3066
3741
4548
3793
5259
1443
4093
5267
1532
2612
3404
6462
6503
6505
1448
4183
5261
2448
3532
4031
3065
4903
5259
5340
2284
2596
5098
5735
1476
4097
2979
3510
3703
5191
1452
1723
3402
1664
5599
5871
4311
5409
6364
3079
4254
5526
1693
3784
4757
6220
2525
3471
2088
3483
1555
4028
5179
2457
2925
4464
3200
3212
4730
5787
1752
3099
6418
1545
2097
4725
5725
3111
4357
5148
2109
6343
5089
5169
5970
6075
1469
4366
5288
5292
6237
1776
2413
3819
5287
1476
3082
4900
5354
2405
4720
5860
3548
5672
6289
4655
5201
5379
3079
4040
5511
4823
5915
3067
5850
2719
3761
5289
5300
2457
3522
3671
3721
4336
2369
2425
3324
4040
2761
5918
1540
5293
5862
1728
3834
5791
6379
4996
1484
2139
4045
4541
5478
1500
2007
4926
5933
1494
2466
2463
2528
5404
5676
5173
5184
4828
5397
5474
5576
1543
4544
4857
2059
4176
5762
6265
3398
5915
6090
6218
1807
2774
1508
2178
4605
2567
4677
5421
2010
4445
4868
4742
6202
6273
1843
2532
2747
5444
2780
4195
1978
3655
5296
1513
4241
5018
1724
4285
4637
5063
5241
4571
5684
1508
4353
4973
5426
5497
5732
4477
2032
5060
1967
2749
4793
2546
4841
4375
4765
5121
4262
4936
5926
3251
5465
1892
4252
4610
1650
1794
1878
6039
4152
5664
5721
1530
4373
6289
1797
2716
2872
1777
5432
6195
6463
5279
5436
6395
2567
4257
2953
4045
5429
5855
1525
3010
5862
6181
4500
5859
6241
2318
2984
4264
2444
2563
6117
1554
1692
6045
6485
1533
1548
4594
4295
4951
1533
3489
3746
6073
3021
3772
1546
4554
2620
2839
1805
2356
5113
6315
1951
1954
3168
3415
3655
3681
1660
3435
5962
2016
3626
5698
3010
4295
2501
2775
3924
1739
5454
2234
2909
3663
3629
4094
5461
3077
3459
5181
4401
4578
3958
4502
1819
3489
2883
3442
5356
2941
4933
3667
5793
3911
6091
4788
5309
1789
2439
2702
1858
1860
3491
1785
1891
2811
1884
2130
2917
3143
2051
5895
4138
4856
6188
6248
4315
4574
6156
3006
3182
4805
6353
1564
3128
4647
5801
1583
1801
3847
4942
2839
3455
6308
1603
2713
4443
4914
5706
1842
6510
2322
5059
6050
2684
3185
6510
3237
4686
2136
5905
2288
4413
5622
1591
3805
4643
5528
2262
3967
3349
4325
5611
2864
4505
4524
6436
2374
2880
4762
1888
2244
4472
2002
2713
2720
2495
5274
5790
2350
4205
1699
2051
5016
2120
3048
2726
3031
3261
3837
3844
3113
4052
5754
5012
1595
4232
3441
4728
6245
2579
5764
2051
2766
5864
2064
3778
1634
2391
4604
3174
4720
4482
4483
4831
1619
2069
4343
5024
2077
4442
5667
5187
5863
5867
4173
6422
1614
2683
4444
5651
2129
3767
4907
2818
2871
3603
3007
5500
5817
4558
2331
2908
3971
6053
1830
2776
3653
5549
3615
5000
6369
4443
3687
3755
5170
6103
2707
4619
4598
4877
2574
4294
6141
4604
4907
5932
3132
3747
6268
6293
2380
3255
4974
1995
2135
2476
3326
3981
2646
5526
5944
4554
4594
6061
3312
3536
5795
1929
2314
2819
6222
1783
3776
6034
2695
5036
6051
4155
4437
5771
5864
3983
2162
2701
4760
1822
3576
4580
4907
5548
1661
1967
1973
1706
3712
5437
5918
1953
2426
4614
6178
6200
1948
3503
3578
5221
1661
4798
5741
3481
4133
4141
4516
1776
2503
4701
5149
1666
1724
1733
1915
6246
6247
3199
5286
5714
6338
4573
6380
2831
3003
5768
2221
2237
2876
1808
1986
3892
5041
1759
3319
3873
4104
2791
5446
6039
1677
2301
4937
5734
4049
4684
3070
4286
1734
3642
3656
1670
1967
4449
5736
2331
6058
6073
3566
2357
1670
3717
5580
5587
5992
2863
3952
6080
5246
6012
5603
5728
6012
3070
1910
3359
6104
1892
2821
3840
2946
2991
4006
6337
4659
3580
6095
6101
2715
4137
6277
4635
1689
5416
6108
1676
4635
4980
1687
1984
6145
5063
6085
1687
1984
3479
4218
5156
5589
3482
4935
6351
1932
4146
4233
5951
2707
5086
3985
1793
2609
5194
1874
2580
4013
5524
1888
2439
6485
2186
1848
2430
3339
4743
1703
2773
3713
6409
3165
4403
4949
1745
3700
5273
3482
4012
4850
3038
3273
4457
2923
3347
5362
4584
4991
6470
4374
1714
1891
2811
3104
3331
4881
5003
2228
3923
4948
1993
2681
3561
2678
5593
6340
2975
3743
4716
1715
1732
3801
3862
5146
6112
6143
2460
5891
5708
1978
2044
2176
5933
2400
3071
3436
4261
4277
5763
3741
4220
5488
3131
3803
2254
3814
4572
5218
5939
4864
2417
3645
5087
5569
2675
3938
4105
6090
2403
4111
4699
4716
5164
5578
2029
5278
5343
2088
2378
5649
3071
3752
4202
4801
2701
4575
5711
2708
4624
4927
5896
2941
4764
5102
2777
4968
4354
4683
5426
5925
1835
6260
2245
4221
1788
6325
3961
5976
6297
2279
2406
3105
2269
4117
5023
5442
3411
3637
3662
2895
3857
4521
5403
2233
2888
4426
1997
2392
3075
3476
4196
5260
5952
4235
4324
5611
3812
4034
1813
1841
4901
1768
3801
4178
4392
2633
6002
4029
5119
6245
1798
4851
6142
2241
4914
5855
1798
5288
6205
6255
2758
3012
3803
2526
3189
2212
3090
3674
5239
4778
5315
5320
1920
3830
3982
1894
4616
5475
1808
2870
5188
5643
2284
6096
2563
2898
3867
2389
2819
2989
6222
1986
5023
6026
1820
2302
3824
5949
2813
2164
2531
3356
1984
1890
2845
3196
3301
2508
3298
4408
2688
4461
5506
5847
3037
3429
3680
4148
4142
4984
5729
6264
3524
4458
3421
5366
5373
3844
6307
4729
6094
2486
3519
4630
3017
3399
4330
2820
5010
5322
5439
2156
2437
3888
2462
3501
5990
1958
2795
3331
5659
2452
3802
1796
2795
3816
5659
2251
2483
4697
1915
5830
2057
6045
3716
4299
6192
6248
5476
6459
6476
2346
3609
5700
2301
3668
6300
2283
4164
6482
2612
3176
4848
2846
5001
2132
6008
4509
4796
2330
2486
3443
4306
3557
5158
3818
6003
4194
5482
6120
3181
5599
3152
3167
5544
6165
2252
3470
5994
4962
5023
6026
5019
2957
5954
2008
2659
4281
4511
6229
2149
2475
3234
2817
6251
6275
2135
3855
4226
4769
5775
3227
4956
6036
6508
2986
3617
5765
3326
3545
6054
1845
1860
2293
4777
5059
6428
6460
1824
6016
6022
4562
3576
5348
1836
2814
5861
3228
4590
6281
3901
4983
5639
5730
2753
2856
1840
2443
3690
4603
3059
5661
2470
3832
6350
2032
4263
4353
3832
2793
2869
4168
5930
2877
5021
5424
1898
3037
3864
4042
2868
5461
5761
6322
6323
1867
2149
4487
2826
3350
3956
1867
2475
3439
4438
2159
3489
3957
3932
4709
1859
1992
6062
2212
3674
3814
2331
3489
4577
6073
1980
2340
4762
6224
4483
4593
5745
5691
5779
2065
4067
1865
4403
4555
5522
5532
1869
2159
4067
5503
3661
6072
3718
3617
4225
5472
1871
2680
2430
3157
3543
4477
5509
4153
2453
3522
4860
5215
4689
6313
3589
3615
3994
4003
3242
2674
3160
4134
2157
4814
5600
3995
4708
2785
2934
5034
3089
5039
4406
5631
5446
6472
2580
3638
5064
1881
5248
1889
6357
1917
3595
2784
3339
4766
1885
4351
2164
2966
3952
2966
3392
6490
2904
4508
4304
6366
1904
4402
4625
4382
4952
4971
1944
2946
4470
6408
2954
2285
3720
4195
6123
2823
3599
4695
6262
4253
6278
3093
4766
6156
1931
2558
4941
3828
4456
6413
3742
4136
3824
5494
6266
5455
5466
4611
5082
6511
2400
5009
3554
3859
4986
5993
2038
3639
4010
6136
1922
1911
3854
5201
3788
3856
4965
5993
1959
3133
3581
5602
2118
4093
5281
4714
6417
2968
3385
4043
2010
2547
4965
2557
3794
5264
3068
5039
6345
2821
4194
1962
3581
5822
1931
2228
3851
4287
3377
5717
4267
6477
2033
4818
5714
2452
2630
2758
1930
4101
6015
2717
4104
4947
5103
1978
3655
3870
5426
5677
6078
6086
1938
1945
3821
4198
2448
5107
5903
4615
5680
5872
1941
2964
5235
2060
3820
4880
5302
2032
4257
4605
1945
4101
2114
2970
3846
2754
5393
6385
5008
6441
4704
4869
3485
3759
5833
3655
3908
4352
4926
3588
3591
2379
2511
3735
5205
2087
4342
2025
3458
2956
3975
4450
5562
3486
3763
5128
3437
4806
2022
4131
4604
4896
2408
5560
5571
2463
5804
3238
5525
3742
5828
2013
3149
6293
2635
4081
4563
2480
3918
5602
2658
3403
4455
4118
2058
4210
5390
1977
3764
2592
2198
2199
4087
6172
4123
4522
6394
3375
3387
3791
4950
6019
1976
2728
4635
5942
2566
5343
3999
4943
4974
2609
4587
5857
3144
4795
2178
4016
4731
4935
2880
5162
6206
3432
3648
1989
6144
4015
4437
6232
3760
4021
4080
2068
2119
4107
4822
2405
2711
4331
5817
2710
3081
4999
5281
1992
2858
3957
2683
4389
3045
6144
6394
4235
5612
2368
3863
6233
5570
4891
5131
6277
4549
4823
5589
2386
3301
4409
5857
2300
3470
2424
4712
2031
6285
4680
2440
3343
3856
4145
2093
2602
5134
5772
3074
3109
4072
6147
2624
3810
3813
4280
2183
3088
4170
6339
2861
5217
4903
5263
3083
4281
2631
2789
4586
3021
5833
2386
4932
2639
3038
3273
5511
4751
4913
5394
3168
5546
2053
2070
3894
4128
2037
6160
2176
3596
3572
4718
2496
6176
4316
2403
3277
4913
3232
3771
4184
6235
6494
2039
2040
5382
5530
5478
6162
6393
2574
3174
4561
3225
4523
2325
3278
3288
6394
2201
3833
4064
2055
3870
4674
3088
3146
2325
5024
3182
4077
4731
4801
5558
5573
4103
4517
5202
6146
2055
2176
5396
5926
2760
3245
4504
3651
3950
2671
4053
4676
2446
3180
3816
5760
2090
4081
4338
2581
4680
4917
3056
4349
5838
4475
5016
3430
5240
4844
5257
3465
4821
2075
4857
5294
2357
2535
2726
2108
2831
5768
3473
2096
5155
5160
3885
5791
6091
2083
2934
3391
4044
2083
3606
4652
5767
6309
4144
4863
4976
2253
3604
3992
2510
2709
3504
5826
2491
4650
6205
5385
5573
2350
3052
5018
4238
2253
4068
2145
4255
4789
4074
4450
2855
3737
6415
3474
6196
2090
5390
6400
5493
2343
2743
3680
3876
4748
3549
5162
5536
6360
3707
3733
4130
6233
2890
3154
3990
2410
2500
4647
3772
2496
3451
3774
3775
2188
3575
3996
3257
3930
5339
2578
4846
5218
2699
3603
5974
2335
3711
5824
5931
3728
4331
2123
2183
2670
2673
2215
2883
3852
4978
2119
2130
4825
3738
2656
3417
3418
2648
2878
3427
5823
2177
2317
6504
4318
3639
5084
5225
6483
2182
3278
4522
3490
6323
5193
5918
6112
2151
6249
5989
6011
2362
3061
5624
2845
6511
4810
2130
2141
2917
3942
4116
4934
5021
2127
3702
3813
6293
6158
2869
5703
3764
4580
2918
4990
5456
5466
2372
2513
4268
2702
2705
4575
4760
2807
4957
5270
2173
4407
5371
6223
4861
4869
5020
3231
4915
2168
5631
2151
2915
2144
2843
3931
3447
4066
6055
2371
3371
4858
5032
2733
4239
4329
6394
2158
3330
6430
2393
5813
6132
4603
2915
4208
3353
4144
3191
3193
6177
3137
5409
5715
3328
3597
5786
3555
4288
5631
4033
4681
5963
5622
6431
4478
6053
2326
3952
5411
4447
4481
5900
5179
6022
2172
2704
5961
6245
5874
2971
5628
2176
2178
2997
5092
2173
3180
5660
5916
4447
5625
2195
3674
3804
6298
4728
3122
3744
5842
2671
4978
6244
3848
4270
4756
5225
6081
2565
3009
4765
6021
3004
4175
4550
2254
4967
4325
4336
5995
6133
3418
4050
3236
3970
2652
4020
2198
2203
3547
5588
2897
6197
2459
5819
5025
5629
5760
5859
6134
6181
2257
3131
2796
4729
5316
2900
4739
5942
2647
4001
3865
3989
4001
4800
5744
6217
6354
4339
4300
4920
3091
3552
2662
5843
2208
2285
2765
3206
4966
6005
6014
6197
2209
6014
6274
2281
2348
2711
3266
4340
2964
3551
5235
4572
3336
3339
4508
6021
3101
2684
3123
5630
2760
3566
4390
4497
2922
3892
4126
3912
4791
2240
2793
3829
2222
2230
2240
3407
4149
4975
2835
2893
3039
3346
2676
3593
4106
5695
4693
5695
2312
2843
6505
2230
3686
3853
4259
4074
5132
2233
3974
5999
3845
4078
4204
5294
3254
4476
5254
2507
4934
5418
6451
2240
5925
2550
4934
2873
4224
5461
5761
4749
4733
5118
5706
3360
3633
5078
2979
5692
2257
3012
2254
2516
3309
4430
3371
3163
3752
2267
3394
3731
4332
3097
3830
4194
5310
6490
2300
2303
2356
3391
3803
4113
4429
5449
3236
3970
5595
3803
3814
2356
4754
6005
6274
2893
4076
6493
4089
5088
6353
5973
6439
2471
6493
5319
5323
6445
3567
5979
2517
2725
4972
5258
5991
4865
3094
3835
4182
5137
3865
5588
3223
3364
3537
4616
2501
3845
4429
2278
2305
5129
6467
4335
4625
5082
6101
5320
5492
6441
3937
3945
6076
3223
3537
3902
4441
4056
4124
2343
3823
3861
3799
3977
4430
6448
2316
6014
2298
2322
5910
3891
6039
4038
4959
2897
2968
2933
5057
6039
2408
4098
5573
2899
5802
2382
4759
2296
5324
4146
5258
2322
5910
6050
6063
2426
3718
6040
6247
2928
3646
4774
6460
2792
5417
6006
5800
2300
2309
6356
2339
3881
5896
3515
6063
2309
2312
3529
2593
4321
5095
2307
2620
6125
2529
3765
5973
3649
6321
2310
2311
6273
5417
2315
3343
3304
2867
4466
5331
6471
2377
6024
5102
2317
6087
3310
4733
5743
3423
6369
2939
4688
3335
3911
5700
5458
3581
5527
2608
4094
4208
4790
2344
2346
5253
5257
5496
2661
3271
2443
2803
5419
4103
4856
6250
2734
4118
5820
5944
3323
5510
3385
5722
6089
4314
2608
4707
5414
2714
4696
5974
2818
4754
4174
5537
6360
4171
4491
5814
2606
3158
3640
4098
3952
5245
4743
5247
6481
3335
3884
4432
5013
5965
5430
5706
2736
3241
3247
3524
4248
3961
6003
6336
2650
3004
4790
2355
2656
5214
3279
5389
5538
2867
5798
6258
4386
5425
5483
3377
5411
5717
3650
5753
2573
5483
2920
4237
5215
5822
6330
2459
3798
3405
5621
2427
3323
4283
5297
3114
6414
3271
4297
2459
3293
3810
2894
3874
2477
3347
3211
5868
6116
4498
5214
3679
4111
4836
5576
2379
2467
4839
3303
6017
6416
3496
4495
3699
2389
2989
3560
2389
2957
4080
5758
2712
5560
6322
6323
2408
2812
3903
5560
3033
4095
6392
4581
4896
2929
5212
4809
4876
5283
6231
2722
2775
3314
5445
4896
4924
5346
4302
4515
5561
4239
6144
2603
5579
5587
3066
3207
4730
2817
5521
6282
2399
3670
4623
5692
2432
2978
2979
3433
3762
5352
5688
4419
4830
5444
3850
3540
3985
4830
5504
3006
3074
4805
3261
4520
5141
5558
4730
3096
5865
5869
2422
2605
4251
4096
6192
6389
4532
4851
6238
2417
6429
3258
4172
4536
5329
3183
3225
6161
2422
5954
3306
4566
3514
4553
6266
6390
2937
6026
2466
5036
6051
3039
3341
6493
4265
3443
4310
5299
5510
5845
4201
4878
3500
5522
2440
2725
6127
3523
3817
3039
3341
5197
4226
4758
2969
2991
5827
5991
5631
5746
3186
3802
4897
4137
2615
2833
5246
3868
4391
6348
4439
2896
4734
5856
2563
3883
4244
5783
2455
6346
6347
2461
5099
3241
3444
5608
2745
3267
3895
4744
2694
3444
3243
5298
2852
4361
4632
2475
5850
3041
3114
5463
3274
2526
5345
3001
3532
6108
2528
3776
5443
3295
3350
4019
4582
5077
4582
6201
4612
6048
2511
3069
2470
2483
3832
4613
5059
5458
2499
2980
2482
4076
4117
3249
2667
5006
5463
6447
2551
2621
3092
6324
2926
3289
3380
4235
3206
4957
4966
3445
4794
5231
4207
4785
5897
3563
3895
5528
3548
5672
2489
4987
4363
4912
4916
5161
5448
2660
3711
4900
5193
3485
3556
3759
4852
3148
5907
6280
4076
6500
5272
6298
6485
3078
6255
2504
3976
6125
6435
4187
4533
5061
6483
4645
4511
6229
4722
5196
5198
4929
4646
5657
4078
5757
2983
4965
5694
5287
6308
6406
4140
5373
3032
4500
5046
4442
3942
4225
5415
6347
6349
4032
5669
2812
4843
4263
4939
5422
3302
6349
2515
6024
6416
6444
3936
5305
2523
2520
2529
6412
2521
4510
5751
6214
2537
2549
5581
5640
3890
4884
5304
4287
6213
3102
3216
4639
4368
5408
2551
4655
4803
3171
6254
3898
5242
3190
3263
6064
3890
6439
2976
4904
5421
2625
3388
3899
6345
5541
5651
5760
2871
3599
3666
3254
4332
4476
5078
5575
5585
2569
4060
2724
3907
5764
2934
5034
5055
2973
5575
5876
6066
3379
2917
5507
6257
2545
2983
5379
4145
5694
3697
4220
5245
5585
3961
5418
6335
2607
3786
3928
5586
4875
4932
5350
5805
2774
4256
2950
3966
5765
5780
3470
3908
6315
3014
3829
4687
4749
4257
4661
4678
5433
2562
6255
3134
4529
4924
2568
3478
4569
2866
2875
5997
6006
4342
4789
3363
5741
4678
6253
2623
6294
3978
5030
3550
5469
5781
2577
2886
3230
4368
5425
2589
3800
5810
6448
3349
5605
5597
6010
6454
5939
3778
5762
4813
5705
5761
4205
5389
6421
3672
3935
6469
3246
6149
2587
3571
5605
5850
4307
6228
4232
4739
5001
2590
2762
2601
5046
5382
4512
5767
6209
6216
2749
4656
2955
4006
2597
5514
5944
3205
4754
5114
6274
3574
3051
4327
5227
3327
5451
5795
6105
2604
2730
6319
3643
4176
4214
4312
5391
3551
3950
4128
3577
3632
5401
5359
6020
3255
5165
3153
3752
4801
2621
4855
5791
2844
3629
4011
4535
4541
2715
2755
5904
4784
5681
3786
3953
2618
3045
3282
4899
3546
4709
5159
2863
4994
6081
2622
2622
5129
5375
6294
6309
3783
6185
6309
2627
3901
5642
2657
2672
3149
3260
4209
6115
6152
4395
5315
5985
2805
3012
4472
2707
3300
4032
2681
3561
3582
5675
2772
4922
2637
3127
3238
4355
5238
3375
4227
3281
3446
5820
3281
3791
5620
3186
5268
5308
5811
3693
5612
3815
3817
5369
3055
3989
3108
3427
3734
6469
4058
4085
6206
3108
3445
6295
5229
5364
3123
3238
4444
3418
5374
4008
6318
6319
6320
3052
3733
4247
3133
5105
5935
2677
3325
3985
4488
5371
5096
6291
2662
3272
5819
3825
5289
2816
3770
3785
4079
3049
4789
3551
3796
5134
4308
4327
3105
3535
4935
3158
3182
4801
5613
3464
5816
5238
5295
2677
3227
6084
6339
2823
3113
6262
3641
4197
3592
6033
6194
3481
3248
5161
3852
4388
5506
6292
5357
3852
2688
5332
4312
6383
2919
6225
3393
5483
4475
5937
3958
4821
3454
4383
4531
2858
3984
2927
3986
5028
2858
4594
6382
6509
3289
3600
4696
6059
3506
5547
2709
3509
4442
5653
4711
5547
5625
4630
4912
5161
5858
4621
3507
3344
4135
2716
5445
5651
5904
4844
2720
2789
2792
3314
2859
3797
4101
2807
5349
3248
5101
5448
3300
3348
5784
6004
4809
5757
6030
4274
4276
3905
5428
5315
6412
4977
4529
4735
5988
4188
4980
4133
4712
5285
6306
2732
5364
3753
4547
3045
4732
3299
4345
3736
2757
3690
4600
3439
2738
3194
6331
4425
4786
2775
3314
3701
5472
3048
3103
5808
3272
5819
3188
4096
5747
2799
3101
4295
5959
3877
4422
5750
3944
4155
4431
5804
6009
6084
3207
3212
3766
3793
2804
3169
4705
5959
3450
3461
3156
4476
2758
3141
6383
2789
5143
5221
4288
4449
4656
5808
6007
2811
2773
2786
2762
5354
5437
4294
5046
3186
3265
4781
3412
5237
5962
3239
5199
5895
3013
4589
3144
4599
4739
2923
3103
3382
5328
3156
3460
3147
4456
2783
2877
4046
2794
3894
4128
3907
5938
3115
5271
5952
3515
3824
6492
6286
6503
4092
4753
5054
6455
3847
3870
5423
5426
2786
5125
5672
3801
3876
4178
3391
3615
5122
4692
5702
4357
3053
5009
2933
5489
2872
5324
4259
2809
3653
5758
3187
3783
4638
4918
5361
4845
5548
6362
2804
3010
5649
5886
3093
3675
4392
4741
4174
2829
6044
5131
6130
2825
2900
2808
5662
2810
4221
4477
6327
2918
3797
3862
4750
4949
3735
3130
3585
3696
4890
2895
3296
3858
5301
2822
3673
4502
2868
5015
2957
2928
3646
5839
3696
4079
4890
3406
3518
3616
3987
5049
4988
4989
4997
3320
3351
4416
3381
4070
4232
4439
4783
5965
4461
5847
4149
4821
2896
4381
5110
5627
4933
2838
3909
5410
6473
3757
2930
5331
6501
4970
6279
3280
4738
4073
4804
5093
3036
3705
3734
3880
4747
3404
3529
4208
4864
6259
3811
5701
2950
3974
5782
3984
4162
4556
2928
6037
5418
5978
4015
4158
4459
5066
4956
6346
6508
5203
5228
6376
3912
6349
5835
4303
4658
5989
6011
6347
4824
4864
3159
4158
5544
4276
5048
2906
3539
4226
3311
3397
3473
5485
4722
4934
5424
2972
6005
2871
3923
4259
3354
4825
3942
5705
5998
6452
4372
6029
5252
5929
4354
6260
2880
5108
3785
4148
6299
3913
4121
6174
6482
3947
4753
6375
3797
3894
5160
6166
3972
4002
4049
3039
3346
3647
4955
3974
5487
6226
3940
3949
4120
6079
3058
3431
3966
4104
6015
6457
5322
6453
3757
5441
3701
5415
5472
4525
5456
4569
6014
6087
3292
4480
5966
5800
4635
3518
2929
4274
6371
3921
5468
5469
4411
4988
4204
5294
3013
5807
4564
5031
3407
5882
6058
3948
4819
5429
6449
3624
4106
5065
5695
4359
6251
6275
3221
4819
5118
5507
5499
5910
6174
6433
4507
4825
5745
3690
3986
4401
3913
4119
4791
4125
4169
4400
6482
2926
3247
3439
5624
5975
3047
5050
5442
2949
5984
3236
4018
5574
5042
5494
3627
3620
5574
2949
3057
4826
4962
4049
6492
5505
6302
3305
4025
4684
5563
3839
5477
6445
2958
3400
4193
3027
5073
5971
5142
5712
2955
2990
2988
4610
2955
4470
5481
6462
2986
6068
3879
4006
4252
6337
3849
5421
3110
3222
4035
2960
3253
4000
4685
5601
3624
5697
5763
2981
5562
3202
3410
4007
3230
3610
3998
4017
3926
4335
5195
5713
3950
4147
4971
5492
5839
3311
5704
5581
5640
5992
3909
4271
3685
4832
3462
6197
6505
3209
5971
6486
4570
5475
5970
3112
4377
4441
5837
6097
3595
5688
4995
4929
5742
5871
6378
5872
3203
5723
5553
5686
3057
3879
5844
6098
6476
6479
5769
3665
5008
5186
4972
4618
4835
5669
3016
3790
4648
4903
2996
3269
4595
2998
3137
3268
5308
5811
3498
5190
3014
3136
5552
3270
4463
4213
4643
6365
4245
4691
5416
4493
4501
5771
5864
3275
4171
5005
5500
4804
6180
4600
4601
4602
4375
4767
6273
4309
3019
3022
5686
5205
5825
3062
3452
3028
3262
3233
6238
3539
5902
3654
4738
6113
6499
3773
4848
3268
4070
4109
5755
3329
3915
3960
4163
6334
3170
3193
5266
6367
3809
4206
6423
3408
5753
5859
3462
5385
3434
4124
5158
6316
3729
4322
5388
3321
3785
6469
3252
4298
3546
3784
4012
4738
3125
3062
4660
4903
3426
5009
5531
6163
3049
4320
3119
3490
3975
3893
6460
3061
3777
5067
6361
5231
5514
4130
5005
3420
5162
3157
6470
3060
6258
3159
3167
6228
4549
5219
4768
3768
3126
3612
4784
4889
6426
3767
3790
4528
3453
3155
4254
4632
4419
5560
6322
5885
4129
4800
3105
3535
4712
5189
3468
3517
3526
3117
6411
3161
5121
5267
5176
5180
6404
3084
3322
3096
3451
3480
5117
4093
4763
5267
3583
4840
6230
3469
4650
4417
5299
4510
5596
5767
6432
5596
5737
6438
3258
4172
3219
6345
6440
4525
4526
4990
4056
4090
6215
5767
6214
4178
4142
4250
4252
4055
3789
4647
5434
5482
3840
4970
3176
6377
3245
5293
4727
6280
3214
4956
4802
3116
4205
6423
3526
3535
5168
5573
4606
4200
5234
4134
3695
4063
4253
4378
5273
3129
3695
4467
3760
3842
5562
4546
5835
6407
3185
5626
3125
3805
4744
6414
3129
3750
4063
4980
4989
4997
4725
5274
6436
4339
3590
5198
3804
3745
6311
3135
4494
3934
4910
5520
5544
6183
5686
5552
6364
3955
4156
3847
4749
5423
3555
4288
3184
4841
3855
5773
3465
4821
5942
5943
4584
3162
4944
6403
6413
5220
5233
6131
4950
3855
4428
4787
5377
6400
5163
5519
4077
5160
3322
4336
5254
5116
6353
3653
3650
4705
4763
3225
4089
4862
3552
3557
4202
3823
4211
6175
3875
5955
4309
6181
5673
6170
4166
5148
5233
3256
4177
5329
6131
4087
5080
3179
4135
4633
4763
5136
4139
3344
4135
6208
3999
4943
4720
6141
6181
5886
5871
6352
3640
4073
5167
3338
3340
3203
4043
4264
3261
3819
3861
3190
4051
4024
3197
5185
4843
6407
3197
3198
3219
6440
4192
4409
5783
3210
3206
4425
3453
4719
6340
3204
3210
4847
3211
3463
4715
4719
4441
5784
4845
5118
3239
5178
3280
4016
5129
3620
5607
6334
3212
5178
3215
3219
3499
5986
4382
4629
3239
4955
6148
3802
4781
5899
3224
4440
5013
5282
5727
5855
3239
3902
5641
6449
3512
5402
6373
3376
3877
3895
4345
4605
5739
6109
6034
6434
5014
3918
5520
5947
4811
5302
5743
3348
3775
4187
4879
3291
5850
3397
4514
4875
5696
3494
6313
3340
5630
5653
6245
6375
3243
4560
3247
4464
3450
5567
6221
4294
3250
3694
5621
3276
4539
6168
4247
5093
5557
4740
5861
4489
5385
4943
5087
6218
6429
4222
4854
4912
5436
6395
3264
4293
5398
4177
3295
3312
3944
4209
5387
5308
5311
4840
5931
5071
5806
3269
5902
4464
5298
6223
4455
5516
5248
5256
6319
6320
3399
5615
5714
6338
3315
4790
5374
6351
5618
4792
6144
4878
6398
4173
5389
5183
6306
6399
6406
3459
4139
4799
4323
4329
5024
4418
5605
5849
3306
4537
5819
4064
4206
6422
5447
5804
4398
5456
3298
5152
5831
3467
5491
6392
4596
3347
4694
6435
4743
3579
5543
5966
3968
5420
6428
3841
4082
5439
6480
3977
5408
3871
5400
3392
6487
3501
3936
6125
5022
3963
4181
4383
4672
3319
3353
4824
6150
3354
5047
3502
3915
3960
6175
3721
4254
3671
5513
3671
5513
3531
4376
5523
3951
4120
4127
4701
5149
6305
3332
3980
5987
4407
3333
3502
3960
3338
3340
4881
3338
5900
4984
4743
4036
5484
4185
3345
4778
5985
4700
5061
6459
6119
3869
6305
4186
5004
5986
4425
3352
4875
5849
3502
5404
5986
6345
4514
5054
6249
5755
6249
4057
4673
6056
6060
5642
3836
4981
4961
5710
4887
5877
3900
5607
3367
3369
3848
3887
4414
5431
5075
5609
6075
3689
4534
6137
6393
3945
4011
4535
6076
5402
4018
6466
5905
6430
3375
3380
4877
5943
5033
3622
6474
6478
6483
5462
4041
5592
5609
5280
6089
4807
5873
4688
3387
5782
6453
4165
4782
4985
6462
3387
4235
4301
4271
4272
4697
4698
3611
3633
3708
4007
3606
4812
3589
4994
5470
5650
5502
3764
5314
3399
4524
5654
5045
5087
5914
4022
4814
3417
5109
5256
4091
5156
6366
5481
6286
6403
6413
4052
4609
4870
5691
5928
4977
4979
4543
3411
5598
4022
3938
4337
3414
3486
5291
3416
4509
3739
3740
3428
6370
4552
5408
5144
5536
6204
3886
6458
4554
4558
4559
5655
4668
4682
5000
3672
3673
3770
5135
3739
5530
3706
5935
5936
3864
4079
3431
3437
3435
3990
3917
5160
5772
3436
5546
3546
5375
5240
6258
4166
4451
5526
5851
3606
4387
4552
3442
4389
6375
4517
4463
4048
3528
3553
5979
5782
6035
4065
4808
3726
4451
6176
6367
3790
5556
6256
4818
5184
3565
3807
5863
6113
5567
5633
5638
3696
4767
3739
5531
6396
5633
5960
6340
6159
6160
3480
3774
4345
4862
3475
4467
4649
6003
5196
6205
4145
4414
5350
3482
4850
5594
3492
5189
4305
6497
3837
5138
5281
4628
6284
5584
5590
3789
3484
5191
3510
4540
5168
4542
5168
3519
5153
5153
4532
4852
6142
6191
4519
4546
6189
3903
3493
6072
6313
4467
3494
4631
5979
4349
4549
3534
5170
5831
4617
6103
5363
5987
4483
4557
5668
5987
3504
5667
4837
4243
4246
4380
3508
6031
6016
6022
3509
5652
5711
6031
3994
4033
4682
6372
4406
5641
4553
5031
6139
6067
4000
4685
5744
6354
6411
3973
4628
4325
4632
5806
4438
4440
4405
4421
3693
4601
4542
5189
4268
4663
5517
3931
5994
4780
4897
5897
5464
6047
4833
4911
4913
4028
5179
5182
3540
3628
5668
5837
4410
4611
5169
5451
6194
4600
4601
4603
3693
4602
3545
5662
5027
3552
3688
5766
5134
5192
5228
3567
4707
6231
3664
4995
5072
5656
5261
5409
3796
5192
5136
6253
6387
4500
6512
5133
3591
5777
5107
5964
3568
4863
5781
4399
3568
5781
5294
4002
4811
5554
5563
4982
5277
4501
5144
5794
3575
3604
4812
5542
3580
3668
4054
4240
4217
5628
5632
4586
4837
5777
3589
3604
3618
6300
5105
5224
6129
5222
5860
4855
5784
6309
3590
5150
4390
4504
5853
5921
5221
5224
5543
4722
5678
3593
5263
5657
4615
5396
4799
6304
6424
3603
4703
5974
6059
3600
3603
3602
4694
5235
6316
4695
3608
3634
5225
6080
3992
5486
3618
3996
4014
5276
5540
4367
3705
3734
3769
4467
5571
5059
5949
4858
5846
4427
4773
4003
5555
3995
5572
5085
5606
3623
3625
5325
5846
4042
4273
4867
4759
5697
4044
4564
5031
5504
6329
4224
5414
4350
5342
6270
5078
5575
5607
6077
6484
5738
5934
3782
3965
5361
3638
3676
5533
6121
6488
4551
5373
6458
5020
5284
6259
5973
6119
6446
5045
5474
4082
3806
3904
4055
4745
4703
6059
3990
4551
4800
5159
4507
5366
6107
3821
4709
5796
3666
4704
4981
5069
5051
5515
5532
5733
5497
5598
4531
4035
3866
4289
5098
6010
6450
3692
5890
6271
3815
3678
3844
6481
4411
4997
5497
5533
3811
5547
3819
3861
4802
3682
4827
6328
5748
3871
5262
5296
3697
4111
4216
6501
4636
4691
5627
5840
5142
5916
6085
3796
5133
3708
3717
3898
5892
5692
6269
4326
5106
3864
3730
3850
4579
5182
6025
5747
5829
4253
6045
5324
4296
5140
6268
6113
6220
6507
3782
3929
5213
3750
5108
5935
5203
6368
4041
5376
6421
4796
5564
6236
6468
4436
4763
5136
4328
4892
5209
6397
6401
3732
6076
4280
4490
4342
6415
3909
4191
4040
4405
3908
5770
6003
4906
5038
5397
4170
4550
4496
5838
4806
6221
4012
4800
4293
4322
4827
5584
5502
4010
4011
6393
3769
6172
4098
5132
3753
3971
3979
5395
6420
6153
6332
4818
4839
3928
4111
4910
5355
6029
3747
6145
6232
4554
4558
4454
3758
4112
5883
4339
4341
4063
4341
6151
3762
5089
5970
3756
5916
5011
4181
4565
4509
5153
5104
4229
4920
5448
3825
5291
5292
4191
6279
5178
4660
4905
6256
6326
6469
4793
5654
3773
4187
6044
6434
4319
5253
5812
6392
3826
4923
4931
4018
5574
6465
4919
5432
5784
6499
3933
4908
3831
5218
5427
4434
5321
5681
4909
4288
4449
4664
4580
3836
4794
5106
5256
3925
4876
5283
5972
4185
4525
5271
4071
3980
6342
4062
5803
3864
4766
4767
4083
5376
4083
4484
5258
4083
4185
4988
6283
4993
5252
6336
3844
4661
5262
5976
3827
4938
5925
3935
4804
5841
3842
5321
4993
5621
5252
5930
5477
3928
3933
4906
4206
4296
5399
3839
3885
5913
5367
5982
4434
4868
5785
6307
4082
4161
5327
6480
4132
4933
6127
4109
4182
5137
5128
4154
5347
6173
5454
4344
5925
5412
4677
5282
6405
3853
6509
5793
3856
4872
3859
4966
6008
4159
5260
4868
5752
4617
5665
3935
4403
4572
4710
6368
6414
3999
4959
3868
3883
4391
3888
4701
4352
4680
4880
6457
3966
5047
3931
5417
6451
4943
4991
4086
4583
3883
3888
4409
4250
4251
4479
4927
6085
6103
4142
4700
6476
6479
5276
6484
5982
5983
3916
6443
4270
6093
4408
4423
4955
5953
5112
5312
5057
3913
6042
4782
5010
3939
4706
4156
5347
5535
6270
4367
4961
4698
6334
4724
3975
4742
3907
6125
3916
5709
5729
6333
5512
6011
6157
5986
5987
5115
6458
6166
6183
6032
6088
5028
6211
4773
5917
4609
4078
4427
5999
4809
5449
5075
6075
4702
6030
3934
5216
5250
6429
5418
5915
6028
6175
3969
6435
4004
5682
5713
5017
4977
5155
4161
6173
6471
5044
5827
5991
6101
4410
5082
5095
5195
5334
3959
6070
5326
5438
4088
5026
4478
5928
6053
4125
4770
4518
4830
5037
5508
4676
5586
4110
5052
5050
4448
5444
6105
4478
6062
4067
4014
5815
6506
5994
4232
4599
4057
5515
6052
4415
4770
4954
6495
4918
4919
5396
4468
5769
4547
6252
6454
5049
5757
6030
6018
5558
5373
5375
5449
5542
6252
4027
5881
4557
4559
5839
6124
4502
4590
5864
5464
5781
4061
4745
6470
4166
4930
5075
5194
5837
4812
4030
5000
6067
4013
5554
5572
4003
4708
5555
6372
4013
4236
6470
4681
5588
6326
4684
5188
5677
6096
4016
4124
6215
4321
4047
5604
4020
5360
4643
5528
5602
5084
5580
6351
4811
5707
5771
6251
6351
6010
5712
6201
6318
4025
4033
4681
4816
5734
6390
5064
5601
4424
5878
5097
5961
4576
4723
4230
5110
5307
6067
5858
5095
4700
6442
5401
5707
4615
4965
4996
5872
4297
4047
4527
5703
5383
6139
5743
5929
4441
5244
6295
6357
6391
6370
5639
5646
6078
4152
5396
5586
5927
5542
5559
4060
5588
6467
4062
5733
5386
4060
6023
6178
4061
4075
4383
6057
5539
4130
5203
6224
4871
5979
4122
4273
5047
4213
5386
6414
4140
4804
5917
4148
5070
5405
4152
5664
6261
4794
5386
4829
5879
4710
5766
4775
5333
5167
4731
5593
5958
5908
5918
4862
4515
5561
4309
4211
4123
4491
6161
5138
6115
4138
5127
4824
6218
4163
5759
4859
4167
5440
5532
4115
4558
5779
4330
5337
5325
4126
4127
5795
4182
4861
4962
5438
6169
4121
4154
6173
4121
4125
4127
4256
5358
5129
5037
4154
5027
5772
5613
5744
4970
5913
6119
5187
4963
5507
6207
4184
6418
4191
4542
4545
5285
4959
5313
4755
4872
6114
6118
4518
4822
5769
6316
4219
5754
4438
5013
5014
4775
4859
4359
4507
5403
5323
5984
5328
5330
4483
4593
4179
5016
4169
6495
6500
4713
5333
5347
5774
5997
5116
6102
4465
5116
4242
4319
5372
5015
5761
5250
4748
5017
5065
4471
4473
5033
5438
4895
4905
6256
6229
6386
6510
4201
5942
5275
4215
4666
5213
4625
6095
6082
6279
5113
4446
4198
4704
6028
4709
4787
5006
5377
5610
6198
5946
6215
4639
5416
5106
4897
6299
4657
5132
5145
5537
5880
6376
4224
6259
5212
4910
5577
5401
5958
6405
4805
5088
6411
6343
4867
5759
5946
4628
4916
4921
4249
4381
4833
5260
5951
4393
5301
4237
5401
6044
4239
4329
6132
4522
4255
5372
5989
5151
6437
4567
5306
4361
4379
5018
5389
5538
4480
4579
5982
6098
4826
5305
6128
4585
5539
5705
4263
4284
6227
5513
4936
5400
4266
5511
5516
5517
6092
6093
6120
4281
4283
4284
4365
6092
4925
6087
5368
5383
6089
5703
5251
5698
5427
4666
5427
4300
4316
4490
6040
4511
5845
5297
5345
5885
4803
4335
5719
4338
6427
4890
4999
5138
4299
4714
4797
6468
6140
5870
4721
4339
5843
4453
5514
5820
4302
5207
4592
5448
4324
4305
4665
5773
4797
4856
5833
6236
6170
4405
4421
5843
6130
5292
6246
6247
4701
6406
5232
5920
4411
5629
6134
5566
6291
5815
5821
6264
4323
4344
5022
5827
5844
4343
5091
4417
6447
4331
5091
5720
4865
5960
6396
4347
6154
5370
5237
5250
5232
6140
6268
4344
6126
4418
4563
6427
4351
4359
5519
4496
5157
5708
4354
4939
6383
4362
4972
5956
5143
5147
6346
5163
4591
5349
5362
4376
4369
5154
6410
4697
4368
5408
6489
4925
5482
6504
4371
5157
6217
5247
5956
5111
5603
6218
4390
4399
5853
5068
5223
5223
6409
4446
5627
4380
4866
4566
5966
4627
5882
4996
5656
5717
5993
4873
5873
5470
5595
5894
6055
6129
5356
4537
5290
6118
6410
4933
4952
4958
4397
4416
5011
4404
4419
4448
6029
5037
5457
5655
4596
4611
5479
4991
4412
4415
4770
4585
5905
5866
5089
4741
4419
5037
5635
5011
4448
6506
4944
6413
5006
5806
6296
4949
5177
5955
5776
5953
5917
5472
4901
5757
4432
4437
6024
4445
5441
6506
4705
5124
5674
5013
5666
4575
5666
5541
4873
4636
5952
4452
4659
4489
4466
6079
6105
5380
6317
5995
4488
6355
6001
4488
6317
5335
5852
4825
5884
5012
5332
5335
5527
4464
4491
6501
5304
4492
5173
5593
6083
5257
5496
4988
6283
4475
4865
5341
5341
6329
5701
5745
5848
5616
5380
5222
4651
4665
4901
4592
5358
5184
6340
4499
6165
4496
5046
5295
4762
5226
5538
5862
5228
4504
4506
5801
6436
4741
5275
6213
6240
5274
6407
4718
5570
4715
6184
4912
6040
4551
5207
6175
4525
4967
5465
4810
6126
6359
4718
5278
4572
4750
4967
5609
5682
6076
5200
5340
6256
5407
5578
5406
5577
4544
6238
5062
5614
5591
4759
4876
6149
6221
6393
4689
5337
4547
5882
4546
5210
5206
5883
6164
4713
4562
6041
5523
4831
5503
6135
5637
6061
5391
5393
5031
6051
4565
5033
5029
4567
4833
5318
5402
6373
5151
5966
5591
5592
4885
4951
5670
4765
5123
5131
5004
5568
5505
6069
5040
5505
6073
5307
4795
5303
5837
4591
4783
6234
4632
5669
5789
4625
5479
5636
6013
4785
5636
6282
4654
4597
4780
4608
4882
4877
4882
5775
4661
4608
4616
6071
4613
5318
5479
5857
6083
6128
5634
4799
4626
4927
5190
5092
5906
5097
6300
4624
4642
4675
5303
5724
6110
5076
5648
4637
5169
5479
6075
4629
5952
4644
4854
4871
5972
5190
5671
4644
5671
4640
4644
4691
5926
5313
5079
4650
4653
6312
5725
5787
4717
5185
5681
4654
5912
5696
5790
4669
5809
5796
5996
4662
4669
5340
5739
4663
5809
4669
4686
4688
6290
4671
5056
6052
6056
6058
5032
5927
5877
4936
5423
5421
5429
4772
4908
5296
5601
5600
4938
4939
5490
6065
6053
6252
4844
5255
5217
5769
6222
4870
5836
5645
5172
6264
5384
6262
6032
4813
4761
5307
6025
5126
6153
6236
6248
5187
5868
4751
4913
4847
4909
5932
5286
5124
5674
5004
5945
5639
5648
5692
5485
4746
4767
4951
5907
6129
5432
5174
6215
6020
5110
5307
5658
5550
5693
4737
5211
5551
5406
5988
6311
6156
4745
4746
5528
6273
5305
6439
6232
5177
5270
4776
5450
5026
5908
5054
6066
6121
4850
4779
5901
6333
5179
6025
5625
5537
5381
6021
6038
4779
6007
6079
4778
6493
4776
5770
5468
5053
5487
6428
5755
5057
5841
5545
6157
4788
5903
5327
4992
4817
5865
5610
5996
6000
6133
4898
5898
5809
5498
5278
5343
5264
5346
5833
5565
5830
4807
5126
6214
6332
5741
6199
5445
6358
6372
5064
5601
5642
5647
5563
6372
5181
5855
4823
4828
5219
5914
4976
5172
5317
4834
4836
5058
4992
5878
5451
5858
4836
5590
5663
5665
5172
5669
6240
6417
4848
6208
4847
5185
6377
5180
5286
5832
6354
5016
5017
5796
4975
5535
5768
5608
6330
5336
6259
5803
5336
5428
6335
6261
5792
5654
6448
5946
6402
4889
5262
5743
5004
5002
5268
6487
5317
6049
6329
6038
4902
5724
5100
5249
6513
4894
5025
5629
6241
4894
5904
6242
6116
6419
5556
6364
5811
5315
4904
6106
5739
5576
4909
4942
5548
5216
5687
5727
4981
6104
5436
5302
5926
4921
4944
5877
5578
5368
5410
5394
6443
5671
5649
5660
5671
5886
5687
5727
4937
5683
6097
5736
6004
6463
6352
5063
5194
4941
4947
5938
4968
6402
5317
5323
5388
4948
5941
6155
5068
6337
6408
4964
5165
5518
6500
5199
5349
5166
5955
5985
5453
4995
5072
6257
5955
5270
5270
5981
5913
6379
6446
6083
6408
5186
5060
5708
5083
4976
5882
6057
5356
6167
5911
5752
5460
5875
5342
5892
5365
6484
5984
5723
5752
5010
5439
5166
5239
5676
5073
6464
5084
5276
5581
5267
5811
5945
6163
5924
6385
6341
5529
6498
5441
5227
5284
6074
5020
6032
6342
6242
6277
5495
5052
5029
5040
5462
6054
6056
6052
6042
6043
6211
5043
6302
5778
6041
5045
5065
6074
5082
5095
5397
5780
5090
5917
5137
5331
6138
6226
6043
6050
5474
5569
5484
6474
5077
5080
6129
5413
5710
5120
6447
5413
5582
6490
5342
5623
5632
5730
5682
5079
5646
5194
6077
5690
5083
5204
5869
5120
5471
6334
5147
5150
5234
5219
5195
5474
5491
6016
5195
6070
5193
5566
6146
5170
5906
5719
6096
5154
6341
6513
5139
5822
5616
5923
5214
5248
6370
5587
5628
5305
5317
6444
5115
5118
6123
6315
5613
5626
5630
5776
5123
6289
6130
5959
6203
6409
5287
6112
6207
5154
5239
5249
6410
6361
6321
6326
6467
5146
5300
5399
6115
5152
6280
6207
5793
5950
5170
5958
6354
6217
5544
6276
5488
6026
5177
5197
6353
5475
5589
6405
5787
5832
5450
6152
6301
5725
5832
6461
5199
5181
5867
5865
5831
5187
6426
6341
6078
5285
5824
5199
5269
5751
6214
5261
5796
5566
6040
6199
5266
6177
5285
6389
5565
5830
6111
6325
6187
6419
6184
6189
5212
5216
5577
5551
5216
5940
5569
5670
5909
6203
5675
5293
5354
5907
6478
5359
5880
5231
6199
5230
5360
5364
5834
5931
5959
6280
5381
6222
5237
5937
5960
5962
5243
6097
5887
5968
6012
5683
5968
6097
6080
5887
5339
5257
6421
5263
5301
5433
5799
5381
5858
6176
5466
5290
5301
5273
5290
5957
6438
5596
6213
6432
5685
5722
5726
5742
5384
6030
5867
6306
5564
5292
6298
5870
5370
6230
6239
5724
5738
6124
5416
6027
6027
6444
6099
5400
6063
5322
6498
5392
5431
5326
5326
5415
6453
5328
6460
6429
5333
5774
5518
5852
6064
5344
5738
5934
6378
5440
6031
6148
5654
5353
5689
6271
6244
6244
6242
6512
6020
5538
5934
5809
5404
6331
6319
6122
6023
5368
5410
5983
6318
5843
5460
5820
5391
5983
5702
6287
6415
6420
6310
6385
5545
5826
5835
5914
5834
6140
6344
6008
6009
5493
5407
5488
5685
6451
5435
5808
5487
5433
6449
5997
5595
5433
5722
6004
5674
5439
6138
6342
6009
6084
6434
5451
5795
6105
5749
5998
6452
5908
5846
5456
5499
6433
5461
5473
5499
5800
5471
5645
5894
5702
6452
6477
6027
6124
6488
5691
5779
6058
6092
5696
6037
5578
5494
6068
6492
5841
5733
6057
5502
5508
5814
6164
5813
5508
6225
6281
5512
5517
5797
6174
6471
6480
5534
6276
5922
6288
5847
5533
5541
5659
5760
5531
5546
6163
6164
5673
6171
6138
6422
5701
6139
6390
5658
5661
6171
5553
5693
5555
5572
5563
5980
5747
6192
6237
5615
5606
5579
5580
5876
5581
5585
6066
6081
6405
5874
5590
5609
5970
6196
6352
6209
5614
5604
5728
6183
5604
5968
6486
5924
5995
5612
6137
5638
6168
5895
5964
6398
6403
5628
6038
5900
5859
6077
6396
5635
6431
5897
5898
5655
5662
6269
5642
5646
5647
6373
5650
5648
5648
5699
6242
6374
6464
5701
6085
5673
6166
5789
5854
5679
5711
5675
5684
5990
5907
5904
5965
5683
5734
5756
5683
6327
6329
5704
5704
6271
6267
5890
5792
5697
5805
5763
6464
5709
5972
5709
5818
5866
5719
6070
5721
5735
5721
5726
6106
5732
5821
6098
5731
5992
6078
5896
5818
6436
5740
6106
6109
6110
6350
5866
6201
6151
6152
5776
6296
6131
6231
6265
6457
6368
5884
6458
5884
6133
6173
5879
5788
5789
6243
6018
6202
6424
5932
5854
6438
5875
5875
5910
5836
6049
5908
6057
6461
5817
5818
6070
6159
6180
6358
6359
5821
5844
5947
5828
5840
6193
6417
6502
6115
5844
6029
6225
6282
6117
6141
5870
5967
6200
5967
6182
6419
6177
6141
5887
6490
6136
6475
5879
5881
6020
5891
6378
5890
6267
6271
5893
6267
5893
6269
6096
6013
5923
6108
6103
6300
6131
6384
5996
6473
5915
5922
6292
6330
5947
6062
5930
5997
6295
5962
5946
5949
5963
6114
6114
6148
6118
6491
6064
6100
6186
6086
6216
6418
6066
6327
6017
6335
5981
6336
6335
6473
6035
6033
6194
6297
6145
6145
6001
6019
6002
6150
6019
6356
6331
6137
6286
6037
6156
6031
6094
6088
6090
6034
6038
6453
6434
6266
6064
6278
6050
6056
6135
6065
6068
6390
6088
6090
6471
6081
6194
6504
6122
6098
6477
6100
6107
6178
6195
6110
6186
6146
6186
6437
6136
6132
6446
6479
6190
6162
6395
6395
6332
6234
6155
6425
6158
6293
6333
6425
6170
6171
6221
6184
6187
6195
6338
6189
6397
6475
6193
6248
6404
6202
6210
6212
6308
6380
6387
6219
6224
6250
6250
6377
6438
6294
6324
6424
6406
6312
6491
6499
6365
6235
6246
6246
6325
6512
6455
6388
6384
6272
6299
6310
6276
6283
6282
6288
6377
6291
6297
6344
6292
6379
6481
6301
6310
6418
6389
6311
6314
6391
6496
6371
6507
6343
6513
6357
6366
6391
6365
6376
6363
6376
6375
6381
6387
6388
6386
6385
6387
6401
6399
6402
6401
6426
6461
6441
6481
6439
6435
6426
6423
6431
6482
6479
6454
6466
6465
6475
6486
6474
6463
6466
6477
6488
6507
6496
6502
6497
6502
6506
6510
)


// ************************************************************************* //
