/*--------------------------------*- C++ -*----------------------------------*\
| =========                 |                                                 |
| \\      /  F ield         | OpenFOAM: The Open Source CFD Toolbox           |
|  \\    /   O peration     | Version:  2112                                  |
|   \\  /    A nd           | Website:  www.openfoam.com                      |
|    \\/     M anipulation  |                                                 |
\*---------------------------------------------------------------------------*/
FoamFile
{
    version     2.0;
    format      ascii;
    arch        "LSB;label=32;scalar=64";
    class       vectorField;
    location    "constant/polyMesh";
    object      points;
}
// * * * * * * * * * * * * * * * * * * * * * * * * * * * * * * * * * * * * * //


1576
(
(100 100 0)
(64.85281374 50 100)
(100 100 100)
(100 0 100)
(100 0 0)
(0 50 35.14718626)
(0 100 0)
(0 100 100)
(0 0 0)
(0 0 100)
(100 0 10)
(100 0 20)
(100 0 30)
(100 0 40)
(100 0 50)
(100 0 60)
(100 0 70)
(100 0 80)
(100 0 90)
(100 10 100)
(100 20 100)
(100 30 100)
(100 40 100)
(100 50 100)
(100 60 100)
(100 70 100)
(100 80 100)
(100 90 100)
(100 100 10)
(100 100 20)
(100 100 30)
(100 100 40)
(100 100 50)
(100 100 60)
(100 100 70)
(100 100 80)
(100 100 90)
(100 10 0)
(100 20 0)
(100 30 0)
(100 40 0)
(100 50 0)
(100 60 0)
(100 70 0)
(100 80 0)
(100 90 0)
(63.80544683 53.77670705 100)
(59.68797224 57.72684251 100)
(54.21191892 59.68868703 100)
(48.38975681 59.86441393 100)
(42.78864216 58.2837596 100)
(38.28943912 54.78083789 100)
(36.60595901 50.72694526 100)
(37.17223724 47.10944481 100)
(39.82947029 43.61253899 100)
(44.8669852 40.89364911 100)
(50.11791686 40.00878801 100)
(55.90098761 40.69783124 100)
(60.67155925 42.90137876 100)
(63.91662303 46.42208029 100)
(3.051130887 50 38.19831714)
(6.929048 50 42.07623426)
(10.83836446 50 45.98555071)
(14.95152492 50 50.09871118)
(18.85103744 50 53.9982237)
(22.73937737 50 57.88656363)
(26.86039062 50 62.00757688)
(30.77302689 50 65.92021315)
(34.64629518 50 69.79348144)
(38.47948044 50 73.6266667)
(42.55178497 50 77.69897122)
(46.28804967 50 81.43523593)
(50.23398944 50 85.38117569)
(54.20706879 50 89.35425504)
(58.12586896 50 93.27305522)
(61.71946573 50 96.86665199)
(0 53.80797265 36.21267519)
(0 57.6960408 40.25926584)
(0 59.67410631 45.70835354)
(0 59.87595578 51.50990621)
(0 58.33551098 57.10203674)
(0 54.93270411 61.59122662)
(0 51.03083819 63.35611772)
(0 47.4324295 62.95735625)
(0 43.62232328 60.18200196)
(0 41.13464312 55.83232538)
(0 40.02056869 50.19590967)
(0 40.5042239 44.85530873)
(0 42.48294592 39.96259706)
(0 46.4342075 36.07681842)
(10 100 0)
(20 100 0)
(30 100 0)
(40 100 0)
(50 100 0)
(60 100 0)
(70 100 0)
(80 100 0)
(90 100 0)
(10 100 100)
(20 100 100)
(30 100 100)
(40 100 100)
(50 100 100)
(60 100 100)
(70 100 100)
(80 100 100)
(90 100 100)
(0 100 10)
(0 100 20)
(0 100 30)
(0 100 40)
(0 100 50)
(0 100 60)
(0 100 70)
(0 100 80)
(0 100 90)
(0 10 0)
(0 20 0)
(0 30 0)
(0 40 0)
(0 50 0)
(0 60 0)
(0 70 0)
(0 80 0)
(0 90 0)
(10 0 0)
(20 0 0)
(30 0 0)
(40 0 0)
(50 0 0)
(60 0 0)
(70 0 0)
(80 0 0)
(90 0 0)
(0 10 100)
(0 20 100)
(0 30 100)
(0 40 100)
(0 50 100)
(0 60 100)
(0 70 100)
(0 80 100)
(0 90 100)
(10 0 100)
(20 0 100)
(30 0 100)
(40 0 100)
(50 0 100)
(60 0 100)
(70 0 100)
(80 0 100)
(90 0 100)
(0 0 10)
(0 0 20)
(0 0 30)
(0 0 40)
(0 0 50)
(0 0 60)
(0 0 70)
(0 0 80)
(0 0 90)
(100 8.309777454 16.29017364)
(100 8.85990549 25.08262824)
(100 8.786295624 34.73006263)
(100 8.775770908 44.42643615)
(100 8.685918624 54.0875793)
(100 8.599883826 63.6899082)
(100 8.622269744 73.15387083)
(100 8.801136779 82.39689608)
(100 9.201496566 91.34579649)
(100 18.7554429 92.27871175)
(100 28.47432953 92.95771775)
(100 38.27340798 93.41485861)
(100 48.0895084 93.63334906)
(100 57.7971661 93.61952025)
(100 67.1121774 93.62514318)
(100 76.56966444 93.19118556)
(100 86.34634076 91.88575214)
(100 90.89517414 14.40263069)
(100 91.50663216 35.21825569)
(100 92.52923738 54.45627315)
(100 91.46015303 73.36809553)
(100 13.73569502 8.684837576)
(100 34.68334142 8.572148206)
(100 54.82671908 8.369147289)
(100 73.68673997 7.330221808)
(100 81.87226373 10.29270732)
(100 92.39504035 64.01347967)
(100 91.13558133 25.08413009)
(100 91.88931936 45.03608235)
(100 90.19160349 82.85548778)
(100 24.33360073 8.964051415)
(100 44.77383239 8.369589447)
(100 64.74426072 8.402779918)
(100 17.49867611 29.57029877)
(100 17.71476954 39.18488696)
(100 17.62161789 48.58917895)
(100 17.35441359 57.93706247)
(100 17.25151071 67.09280081)
(100 17.44217115 75.92737673)
(100 17.93681756 84.25309214)
(100 83.32502923 40.81104294)
(100 27.30219306 85.67423508)
(100 36.80272094 86.68009498)
(100 46.34386562 87.23281089)
(100 55.83403665 87.2408206)
(100 64.99336622 86.84403004)
(100 72.69219953 87.25710239)
(100 80.58656755 84.84094332)
(100 29.72150113 17.37319879)
(100 82.31713153 75.92266213)
(100 71.33156176 16.88694443)
(100 83.80129543 66.71749704)
(100 18.30014739 18.63292002)
(100 85.70193801 58.62451028)
(100 59.68339483 16.92784131)
(100 83.99401101 50.30134623)
(100 82.70688953 30.89127201)
(100 49.66753958 16.52712503)
(100 39.60055972 16.84864402)
(100 81.8721559 20.66574301)
(100 26.88202889 43.38501655)
(100 26.42559807 52.63440676)
(100 25.88911869 61.4684189)
(100 25.89767005 70.13974205)
(100 26.42904444 78.09805315)
(100 74.74271889 37.00864046)
(100 35.51812495 79.75861105)
(100 44.6916769 80.76515362)
(100 53.702163 81.04699833)
(100 62.83057056 80.22112025)
(100 72.63213016 78.97301341)
(100 75.06059849 68.79065414)
(100 76.48684327 57.89936364)
(100 63.48763852 25.60677564)
(100 73.57822691 27.13031343)
(100 53.57590818 25.48803802)
(100 44.68674207 23.87645939)
(100 35.42718421 27.08072175)
(100 26.69123224 34.06482427)
(100 75.1091939 46.807592)
(100 25.56258728 25.29517071)
(100 34.8609239 56.3722225)
(100 34.03286213 64.83012172)
(100 34.53447775 72.51042842)
(100 43.09588693 74.2564712)
(100 51.75613346 74.67178022)
(100 59.01379872 74.62575468)
(100 66.57350726 52.10091762)
(100 36.26458592 37.90567298)
(100 66.66011179 71.63204614)
(100 65.94700333 42.28716081)
(100 36.29072899 47.68763664)
(100 67.04520291 62.09243796)
(100 66.74702904 33.53692889)
(100 56.71977452 35.6873216)
(100 45.57363832 32.62213067)
(100 46.37266654 42.52631224)
(100 42.18355357 67.37012805)
(100 49.33351691 68.84196635)
(100 56.56531083 46.94525641)
(100 46.35324945 52.86500134)
(100 41.6357989 60.55978291)
(100 57.99929528 66.69117661)
(100 57.70601056 56.80594395)
(100 49.82918741 61.69824017)
(55.53753481 57.64740984 95.71454384)
(44.8306754 59.93859153 95.68486044)
(38.57581191 58.72572927 94.77333888)
(34.33852214 54.05595567 96.55450048)
(33.72050487 48.48769194 96.98930631)
(36.13120999 43.86963708 96.59359328)
(40.70163885 40.88619649 95.81137061)
(46.40087898 40.0163722 94.88128071)
(57.05229179 43.00976004 96.22859777)
(4.059352305 45.98461409 40.39671094)
(7.988343712 46.05462927 44.28273968)
(11.90974231 45.69972665 48.43131974)
(15.72237776 45.31312835 52.51904306)
(19.73231756 45.33718803 56.51098921)
(23.90673208 45.47139696 60.58718768)
(28.00280448 45.47655598 64.67955691)
(31.89866965 45.5129294 68.54946334)
(35.81536057 45.39315223 72.55263453)
(39.77099608 45.29353814 76.58240012)
(43.67099759 45.16780827 80.57888797)
(47.65374156 45.11778132 84.60094525)
(51.7764019 45.11825633 88.7232298)
(55.93177645 45.6692111 92.47399925)
(59.83447596 46.23193806 96.02404905)
(4.104829852 54.23534231 40.5830725)
(4.466666141 57.73176059 44.78716667)
(4.47460344 59.64268445 50.0172904)
(4.405664978 59.88917532 55.79461132)
(3.778838486 58.12409097 61.31426805)
(2.765575135 54.1645986 64.91227766)
(2.630519741 49.49823105 66.04416305)
(3.791952948 44.24122401 64.64297878)
(4.24720422 40.95177163 59.55808128)
(4.838260886 40.00003871 54.16693252)
(4.583612748 40.65842105 48.82617275)
(12.29120681 54.03826775 48.64280141)
(19.83246605 54.71444783 56.64990101)
(27.86267189 54.80378579 64.74847475)
(35.83840924 54.67541843 72.62649418)
(43.63195998 54.66688193 80.41366714)
(51.58541661 54.20461138 88.04342966)
(59.44532324 54.15559483 95.87143934)
(50.53370458 59.60917384 95.90798414)
(52.22669791 41.39682028 94.30695623)
(8.256534702 54.23399259 44.73388509)
(4.279348972 42.68270993 43.92945242)
(31.83201691 54.80406173 68.71803351)
(16.21360966 54.31759929 52.74688699)
(23.9071028 54.68777293 60.70444446)
(39.69555464 54.67729554 76.48504401)
(47.53582426 54.51047186 84.20328862)
(55.517689 54.12104301 91.92159241)
(19.66713428 58.25603989 60.97675625)
(8.870834051 40.69437867 63.33807281)
(51.66066463 57.56010036 91.69310987)
(10.33648297 41.51693481 52.1374666)
(15.16305519 41.74680845 56.46678638)
(19.58185552 41.88852001 60.60027752)
(23.85281894 41.98627122 64.68280858)
(27.862422 42.00032996 68.66584037)
(31.65839038 41.88244341 72.6887444)
(35.56593217 41.75460077 76.85358028)
(39.40931562 41.57619971 81.07766793)
(43.26876918 41.49913831 85.11022554)
(47.56666566 41.51032911 89.38263647)
(9.092946285 59.54966729 54.18611407)
(9.317950289 59.91358219 60.46247463)
(7.108924834 57.45368722 65.82613586)
(8.702057163 57.58576928 48.77659695)
(27.5707085 58.30279341 68.97794671)
(6.321261223 47.74453407 69.38830958)
(43.30337749 58.38250664 84.88120375)
(47.63248334 57.82462514 88.11553003)
(5.931774922 52.89039279 68.75960703)
(14.8576499 58.54662718 56.80460651)
(39.40288926 58.39404135 81.00585052)
(12.53792709 57.25404952 52.09290096)
(23.50425505 58.31045077 64.9276494)
(42.91934637 59.91577155 90.37701618)
(32.59272522 57.24359429 91.63195394)
(31.61546218 45.16600382 93.28480675)
(35.50498388 58.28534314 76.87558249)
(8.110021297 42.89161369 47.45239952)
(9.78683219 40.04074929 57.80075201)
(8.912818574 43.11516341 68.45875053)
(31.58652235 58.31235722 73.01394656)
(36.23514636 41.05874505 91.85754961)
(42.05380161 40.01703421 90.5180247)
(30.28676395 51.13655048 93.62658426)
(37.26356087 59.98175685 87.406733)
(47.5581953 59.45424593 92.23942995)
(26.5105459 59.94341919 74.29759296)
(18.79017263 40.16376365 65.53059106)
(23.05561601 40.20858973 69.4715131)
(26.77408114 40.15212901 73.605991)
(30.4938917 40.09930765 77.79510345)
(34.20824015 40.04413861 82.17029122)
(37.77504537 40.00908137 86.46179774)
(14.2733697 40.09073293 61.66194115)
(34.48522346 59.91058532 81.88759087)
(12.31226777 59.37302733 66.53035391)
(31.33703736 41.49534346 88.06555504)
(27.66589957 54.62996618 89.49024544)
(26.92754277 47.49628426 89.90857072)
(22.20059745 59.96079606 70.23888627)
(9.560672775 51.37332092 72.85813441)
(30.60681 59.94863668 78.46460944)
(10.37579591 46.43513531 72.87812197)
(18.2144417 59.95448069 66.15594007)
(14.83707583 59.89009328 62.0354386)
(10.3259313 56.2581896 70.64567138)
(16.0900091 58.91920122 71.7743055)
(21.83294895 40.25854584 74.31728909)
(25.02637897 40.67563028 79.42571638)
(29.22564967 40.46907407 82.79549745)
(24.10236368 51.84284086 87.29160913)
(13.30342761 54.68954346 75.08340057)
(25.65960794 43.20705614 85.3273607)
(30.01213163 59.09389993 85.18379728)
(25.48050501 59.30095036 79.96450154)
(13.53044307 40.43755306 66.95730253)
(22.44187358 47.80933996 85.5298192)
(13.66095185 49.40521826 77.0673722)
(17.92253736 40.29037421 70.59510236)
(24.60377207 56.40356223 84.75535806)
(21.33063397 59.3651524 75.57856866)
(17.33705849 41.95541429 75.02693283)
(13.33288892 42.32187471 71.68271764)
(14.01150221 44.90389453 75.46879097)
(17.25259726 57.00177098 76.63896853)
(20.36971609 42.05499491 78.24704054)
(16.8646861 53.33058848 79.4887131)
(21.2804302 44.26945318 82.15947453)
(20.72847627 52.69329961 83.63735301)
(17.18898796 45.09861507 78.80522558)
(20.71015649 56.81310047 80.35145036)
(18.28139555 48.76962268 81.60540102)
(16.29017364 100 8.309777454)
(25.08262824 100 8.85990549)
(34.73006263 100 8.786295624)
(44.42643615 100 8.775770908)
(54.0875793 100 8.685918624)
(63.6899082 100 8.599883826)
(73.15387083 100 8.622269744)
(82.39689608 100 8.801136779)
(91.34579649 100 9.201496566)
(92.27871175 100 18.7554429)
(92.95771775 100 28.47432953)
(93.41485861 100 38.27340798)
(93.63334906 100 48.0895084)
(93.61952025 100 57.7971661)
(93.62514318 100 67.1121774)
(93.19118556 100 76.56966444)
(91.88575214 100 86.34634076)
(14.40263069 100 90.89517414)
(35.21825569 100 91.50663216)
(54.45627315 100 92.52923738)
(73.36809553 100 91.46015303)
(8.684837576 100 13.73569502)
(8.572148206 100 34.68334142)
(8.369147289 100 54.82671908)
(7.330221808 100 73.68673997)
(10.29270732 100 81.87226373)
(64.01347967 100 92.39504035)
(25.08413009 100 91.13558133)
(45.03608235 100 91.88931936)
(82.85548778 100 90.19160349)
(8.964051415 100 24.33360073)
(8.369589447 100 44.77383239)
(8.402779918 100 64.74426072)
(29.57029877 100 17.49867611)
(39.18488696 100 17.71476954)
(48.58917895 100 17.62161789)
(57.93706247 100 17.35441359)
(67.09280081 100 17.25151071)
(75.92737673 100 17.44217115)
(84.25309214 100 17.93681756)
(40.81104294 100 83.32502923)
(85.67423508 100 27.30219306)
(86.68009498 100 36.80272094)
(87.23281089 100 46.34386562)
(87.2408206 100 55.83403665)
(86.84403004 100 64.99336622)
(87.25710239 100 72.69219953)
(84.84094332 100 80.58656755)
(17.37319879 100 29.72150113)
(75.92266213 100 82.31713153)
(16.88694443 100 71.33156176)
(66.71749704 100 83.80129543)
(18.63292002 100 18.30014739)
(58.62451028 100 85.70193801)
(16.92784131 100 59.68339483)
(50.30134623 100 83.99401101)
(30.89127201 100 82.70688953)
(16.52712503 100 49.66753958)
(16.84864402 100 39.60055972)
(20.66574301 100 81.8721559)
(43.38501655 100 26.88202889)
(52.63440676 100 26.42559807)
(61.4684189 100 25.88911869)
(70.13974205 100 25.89767005)
(78.09805315 100 26.42904444)
(37.00864046 100 74.74271889)
(79.75861105 100 35.51812495)
(80.76515362 100 44.6916769)
(81.04699833 100 53.702163)
(80.22112025 100 62.83057056)
(78.97301341 100 72.63213016)
(68.79065414 100 75.06059849)
(57.89936364 100 76.48684327)
(25.60677564 100 63.48763852)
(27.13031343 100 73.57822691)
(25.48803802 100 53.57590818)
(23.87645939 100 44.68674207)
(27.08072175 100 35.42718421)
(34.06482427 100 26.69123224)
(46.807592 100 75.1091939)
(25.29517071 100 25.56258728)
(56.3722225 100 34.8609239)
(64.83012172 100 34.03286213)
(72.51042842 100 34.53447775)
(74.2564712 100 43.09588693)
(74.67178022 100 51.75613346)
(74.62575468 100 59.01379872)
(52.10091762 100 66.57350726)
(37.90567298 100 36.26458592)
(71.63204614 100 66.66011179)
(42.28716081 100 65.94700333)
(47.68763664 100 36.29072899)
(62.09243796 100 67.04520291)
(33.53692889 100 66.74702904)
(35.6873216 100 56.71977452)
(32.62213067 100 45.57363832)
(42.52631224 100 46.37266654)
(67.37012805 100 42.18355357)
(68.84196635 100 49.33351691)
(46.94525641 100 56.56531083)
(52.86500134 100 46.35324945)
(60.55978291 100 41.6357989)
(66.69117661 100 57.99929528)
(56.80594395 100 57.70601056)
(61.69824017 100 49.82918741)
(8.609425283 13.34717393 0)
(9.809983108 34.32583488 0)
(9.395856824 55.09375778 0)
(9.456172916 74.90151391 0)
(13.82077617 91.41841096 0)
(34.4006367 91.61391862 0)
(54.57365688 90.71119579 0)
(74.99325905 90.72277424 0)
(90.73843707 14.61865811 0)
(90.82832992 25.43687847 0)
(91.09699072 35.70854393 0)
(91.11342103 45.86228005 0)
(90.80116326 55.97081821 0)
(90.55252356 66.06938915 0)
(90.7928934 76.26868687 0)
(91.4454915 86.62515506 0)
(16.06986246 7.838872899 0)
(24.7196318 8.61816532 0)
(34.36558718 8.760647917 0)
(44.38443192 8.645873044 0)
(54.50216522 8.608679334 0)
(64.52938757 8.578510454 0)
(73.53665743 7.508566 0)
(81.69630343 10.56315738 0)
(9.660750965 23.85550121 0)
(9.42136276 44.83389552 0)
(9.513627742 65.13541873 0)
(8.570347494 83.73355287 0)
(24.14602355 91.61164792 0)
(44.34679277 90.91670305 0)
(65.00441271 90.44473501 0)
(83.86347031 91.97141784 0)
(28.91499948 84.34721987 0)
(48.55767658 81.41225705 0)
(18.95606482 60.4136295 0)
(38.07026541 82.17524163 0)
(19.00098808 81.56870061 0)
(18.50885927 50.21865635 0)
(19.24141233 70.60488321 0)
(71.20602288 79.98153854 0)
(82.048571 82.71990085 0)
(20.76429308 27.78156742 0)
(18.09909363 16.93761775 0)
(81.37894299 21.22023688 0)
(82.01286949 31.63954999 0)
(82.57308387 41.60807695 0)
(82.00776463 51.72519006 0)
(80.97947444 61.75596483 0)
(81.09583359 72.39787588 0)
(18.81830864 39.62152536 0)
(28.24097302 17.74853811 0)
(38.61547778 17.40422109 0)
(48.83498502 17.10675318 0)
(59.24931987 17.19595498 0)
(70.94179419 17.32893039 0)
(59.37578223 81.64332418 0)
(28.06459395 55.47247693 0)
(63.48840877 73.29762758 0)
(29.26288287 75.45766506 0)
(32.81321976 26.33417174 0)
(71.59937253 67.81131399 0)
(72.60833469 28.2271819 0)
(73.64152491 38.14811454 0)
(74.72992173 46.91061898 0)
(70.50711346 56.3002491 0)
(27.06944242 45.67158302 0)
(28.35006564 35.57488099 0)
(29.18695791 65.52808194 0)
(43.25804106 25.71985801 0)
(53.05373485 25.3643124 0)
(63.04123801 26.04472632 0)
(53.64488861 72.31423096 0)
(41.07973725 71.26045406 0)
(61.14445804 64.05317565 0)
(64.63862958 35.95331869 0)
(65.59710955 45.88934384 0)
(36.47328527 50.14040951 0)
(48.02296688 34.18050897 0)
(49.86214369 62.40751018 0)
(38.47156464 34.15509823 0)
(58.0841934 54.02030328 0)
(38.64451133 59.83991077 0)
(34.6438066 41.76240907 0)
(56.67702299 33.08496131 0)
(47.00408582 52.21916816 0)
(54.7623359 43.0010133 0)
(43.5363574 42.81002951 0)
(8.382426422 16.4457611 100)
(8.683214547 25.28579009 100)
(8.506880166 35.18436741 100)
(8.447106574 45.12958218 100)
(8.736478754 55.08268998 100)
(9.169957219 64.69651827 100)
(8.688716239 74.08851759 100)
(7.826300051 83.14521504 100)
(8.225958728 92.07613127 100)
(17.46064805 92.85092651 100)
(26.98735104 92.30773197 100)
(36.85679476 92.1364902 100)
(46.90618314 92.25364169 100)
(56.84522571 92.34551874 100)
(66.57799985 92.65933861 100)
(76.42085112 92.86272236 100)
(86.72680741 92.23558734 100)
(13.91771582 8.879471561 100)
(35.62795905 9.711064457 100)
(55.81474536 8.986543563 100)
(75.18749072 8.634161929 100)
(91.43782293 13.59292792 100)
(91.37262474 34.47827731 100)
(91.72801032 54.38733103 100)
(92.45600843 73.89644855 100)
(69.1418426 53.75066174 100)
(64.33906014 59.58909805 100)
(58.1740192 63.42919495 100)
(50.70248255 64.82783147 100)
(43.69297577 64.04112616 100)
(35.77591437 60.47770516 100)
(33.3360863 53.96599677 100)
(33.2593507 48.46007065 100)
(34.74996488 43.22105888 100)
(38.34970723 37.29488957 100)
(46.22006904 34.76293282 100)
(53.30975413 34.58822914 100)
(59.933864 36.85024862 100)
(66.59849095 40.68426974 100)
(69.03122969 47.4152523 100)
(65.54497249 8.715879946 100)
(24.9165078 9.805965956 100)
(45.88407999 9.281276253 100)
(83.87477045 8.133194457 100)
(91.18630719 24.14381187 100)
(91.27340562 44.55324992 100)
(92.38205042 64.21115122 100)
(91.24813758 83.45146478 100)
(18.47829164 19.11944805 100)
(16.70898403 30.03975035 100)
(17.16089249 40.47079188 100)
(16.25321908 50.13614177 100)
(19.02779165 59.94414776 100)
(18.51280593 69.49954406 100)
(17.06924469 78.39060164 100)
(14.8772595 86.18660297 100)
(23.45762009 84.73676405 100)
(33.36888629 84.10888539 100)
(43.75715578 84.50332496 100)
(53.79215602 84.52740204 100)
(63.60400012 84.79389252 100)
(72.67882398 85.85537238 100)
(82.00100689 85.59003635 100)
(82.12948734 49.34341819 100)
(52.15523195 18.24125784 100)
(42.18568894 18.72098074 100)
(82.71884565 39.08311792 100)
(71.1123357 17.00421557 100)
(81.77739549 17.90778971 100)
(82.91288311 29.18734184 100)
(84.85185307 77.18892434 100)
(31.57396647 20.01780339 100)
(70.45309763 61.71877339 100)
(63.24383767 67.19196606 100)
(85.09305701 68.46911205 100)
(54.95608285 70.10882435 100)
(46.07302847 70.12391162 100)
(37.43093269 68.64164053 100)
(28.39154309 57.88202723 100)
(28.42495397 50.81825787 100)
(29.38010406 44.92622263 100)
(31.22750841 38.42986129 100)
(39.81425713 28.06337972 100)
(49.01909642 27.14217006 100)
(58.26736734 27.865769 100)
(65.07372337 33.02705939 100)
(74.54922207 43.18480947 100)
(74.07868654 50.00856179 100)
(28.3117992 65.2465637 100)
(61.57815294 17.77712682 100)
(70.2569244 69.98827156 100)
(84.34603142 59.23259464 100)
(76.17455012 56.15925621 100)
(73.49506516 34.06747783 100)
(32.27777307 31.08426602 100)
(23.19422391 47.15014561 100)
(28.50419901 75.26661246 100)
(50.1422 77.10629877 100)
(70.31874685 78.0004498 100)
(77.66814528 79.78576664 100)
(24.50079582 34.12683706 100)
(24.78072979 26.33658967 100)
(25.19733321 40.99949583 100)
(61.07173085 76.14435689 100)
(67.23977182 25.49098809 100)
(40.0178542 76.57321498 100)
(77.50984533 64.52443829 100)
(75.44653329 24.77335928 100)
(77.82385248 72.51354431 100)
(23.03840844 53.4005452 100)
(13.34717393 0 8.609425283)
(34.32583488 0 9.809983108)
(55.09375778 0 9.395856824)
(74.90151391 0 9.456172916)
(91.41841096 0 13.82077617)
(91.61391862 0 34.4006367)
(90.71119579 0 54.57365688)
(90.72277424 0 74.99325905)
(14.61865811 0 90.73843707)
(25.43687847 0 90.82832992)
(35.70854393 0 91.09699072)
(45.86228005 0 91.11342103)
(55.97081821 0 90.80116326)
(66.06938915 0 90.55252356)
(76.26868687 0 90.7928934)
(86.62515506 0 91.4454915)
(7.838872899 0 16.06986246)
(8.61816532 0 24.7196318)
(8.760647917 0 34.36558718)
(8.645873044 0 44.38443192)
(8.608679334 0 54.50216522)
(8.578510454 0 64.52938757)
(7.508566 0 73.53665743)
(10.56315738 0 81.69630343)
(23.85550121 0 9.660750965)
(44.83389552 0 9.42136276)
(65.13541873 0 9.513627742)
(83.73355287 0 8.570347494)
(91.61164792 0 24.14602355)
(90.91670305 0 44.34679277)
(90.44473501 0 65.00441271)
(91.97141784 0 83.86347031)
(84.34721987 0 28.91499948)
(81.41225705 0 48.55767658)
(60.4136295 0 18.95606482)
(82.17524163 0 38.07026541)
(81.56870061 0 19.00098808)
(50.21865635 0 18.50885927)
(70.60488321 0 19.24141233)
(79.98153854 0 71.20602288)
(82.71990085 0 82.048571)
(27.78156742 0 20.76429308)
(16.93761775 0 18.09909363)
(21.22023688 0 81.37894299)
(31.63954999 0 82.01286949)
(41.60807695 0 82.57308387)
(51.72519006 0 82.00776463)
(61.75596483 0 80.97947444)
(72.39787588 0 81.09583359)
(39.62152536 0 18.81830864)
(17.74853811 0 28.24097302)
(17.40422109 0 38.61547778)
(17.10675318 0 48.83498502)
(17.19595498 0 59.24931987)
(17.32893039 0 70.94179419)
(81.64332418 0 59.37578223)
(55.47247693 0 28.06459395)
(73.29762758 0 63.48840877)
(75.45766506 0 29.26288287)
(26.33417174 0 32.81321976)
(67.81131399 0 71.59937253)
(28.2271819 0 72.60833469)
(38.14811454 0 73.64152491)
(46.91061898 0 74.72992173)
(56.3002491 0 70.50711346)
(45.67158302 0 27.06944242)
(35.57488099 0 28.35006564)
(65.52808194 0 29.18695791)
(25.71985801 0 43.25804106)
(25.3643124 0 53.05373485)
(26.04472632 0 63.04123801)
(72.31423096 0 53.64488861)
(71.26045406 0 41.07973725)
(64.05317565 0 61.14445804)
(35.95331869 0 64.63862958)
(45.88934384 0 65.59710955)
(50.14040951 0 36.47328527)
(34.18050897 0 48.02296688)
(62.40751018 0 49.86214369)
(34.15509823 0 38.47156464)
(54.02030328 0 58.0841934)
(59.83991077 0 38.64451133)
(41.76240907 0 34.6438066)
(33.08496131 0 56.67702299)
(52.21916816 0 47.00408582)
(43.0010133 0 54.7623359)
(42.81002951 0 43.5363574)
(0 8.827194241 13.75520446)
(0 8.778627952 34.62691864)
(0 9.61982359 54.95673569)
(0 9.012238038 74.73340455)
(0 14.00424348 91.13377028)
(0 35.10985342 91.34304934)
(0 54.94635443 92.19691333)
(0 74.24400889 91.44406654)
(0 16.48258285 8.382368726)
(0 25.39819743 8.8886722)
(0 35.14678384 8.546463512)
(0 45.167227 8.707998626)
(0 55.07362449 9.024852294)
(0 64.68976284 8.447338978)
(0 74.24140632 7.837896483)
(0 83.58458071 8.247587916)
(0 92.5374569 9.465975803)
(0 90.10044117 38.79803186)
(0 91.4205611 48.39756582)
(0 92.60552088 57.54136202)
(0 92.95745598 67.13765982)
(0 92.61410829 76.36898156)
(0 92.35591158 86.6050775)
(0 52.40632359 31.46662145)
(0 58.55968058 33.69036613)
(0 63.339551 39.97882783)
(0 65.40638642 47.29156589)
(0 65.26613379 55.21180561)
(0 60.37911061 63.24325327)
(0 54.19496121 66.38273898)
(0 48.55622251 66.95235425)
(0 42.94383935 65.21287946)
(0 38.22215602 60.96241645)
(0 35.1388357 55.11469399)
(0 34.41932159 47.2759707)
(0 36.36792332 40.30853862)
(0 40.82024091 33.88119571)
(0 47.13000944 31.92421693)
(0 9.051543338 24.24402307)
(0 9.038381566 44.80350402)
(0 9.358415232 64.90551343)
(0 8.589085551 83.5191272)
(0 24.73042701 90.71136973)
(0 45.133201 91.96001621)
(0 64.68161455 91.95086151)
(0 83.55318261 90.61416807)
(0 40.90179379 83.50676532)
(0 20.33772333 60.58376692)
(0 19.10738181 80.62551537)
(0 17.37383981 29.29544564)
(0 19.20932796 18.42464744)
(0 30.69605388 81.96632849)
(0 59.55865552 84.36294162)
(0 18.58932957 49.30397376)
(0 55.22528766 26.09420283)
(0 77.96739647 82.29700709)
(0 49.00123805 26.62172186)
(0 17.42210776 39.46699249)
(0 30.46249354 17.46785065)
(0 40.04129342 16.6219148)
(0 50.18968776 18.22187396)
(0 60.56211868 18.36226553)
(0 69.52557017 15.94897637)
(0 78.12742707 15.40069041)
(0 87.61817513 17.53790623)
(0 87.93190857 28.59609919)
(0 80.02855976 39.35602496)
(0 82.29310672 48.17792634)
(0 84.1441712 56.54641301)
(0 86.67504499 63.99290241)
(0 86.01220963 81.8109998)
(0 66.65835902 33.31563262)
(0 72.86507671 48.60588577)
(0 67.23284014 61.45647802)
(0 58.12405331 70.44037206)
(0 51.18224492 71.67796132)
(0 43.92638147 70.773695)
(0 37.06867025 67.60754676)
(0 31.23419495 61.56584402)
(0 27.59691186 52.7205639)
(0 27.64975445 42.67184806)
(0 32.56545954 33.8951883)
(0 43.31908209 28.5893078)
(0 70.81504451 40.24233565)
(0 17.47827322 70.37474436)
(0 50.3241647 84.40010713)
(0 68.96787513 83.42272491)
(0 61.75407939 27.36591644)
(0 74.4537623 57.1264559)
(0 83.97297547 73.08813654)
(0 36.835868 25.99929638)
(0 38.0024296 75.15286792)
(0 54.77957938 77.22537526)
(0 65.34669414 68.56119211)
(0 43.80076048 22.91694622)
(0 24.43889928 34.41143301)
(0 28.14542741 71.04655295)
(0 74.33259232 22.18181365)
(0 80.8715101 23.31121976)
(0 79.33690169 65.20018761)
(0 73.26560837 73.89599346)
(0 63.56562289 76.41053604)
(0 26.88980901 26.30211636)
(0 72.1826676 65.37675169)
(0 68.08856599 24.87441054)
(0 75.69817355 30.97240213)
(0 46.42393654 77.01847731)
(22.83815183 35.69718925 25.07476861)
(23.45910759 48.30613028 30.81557754)
(33.87938493 55.4454374 30.59245628)
(43.48553025 41.8840071 27.63094591)
(47.35145917 58.06329848 30.24505539)
(66.82713449 57.79725722 21.9910778)
(75.79016225 36.71031728 22.96720242)
(76.65805785 63.09614261 49.13395199)
(21.91217135 65.88818774 34.36741071)
(46.26684479 88.99168291 32.86708171)
(51.68004291 63.7086988 51.86364244)
(48.76621164 42.39856157 52.89345611)
(76.00526411 41.99157218 52.15910422)
(44.94597597 11.35989385 54.80678584)
(24.45852693 79.1970374 27.71067346)
(22.29114202 80.20131468 43.62094578)
(31.01423847 46.21378766 42.77906199)
(21.36266074 19.59198453 46.69909785)
(18.87475745 55.47987362 33.33019641)
(19.24058688 31.77666179 39.09570342)
(26.40101038 16.66439349 28.48546919)
(29.50237514 23.14813292 35.34344264)
(27.32091351 16.30792936 72.96241455)
(20.11192453 46.78216727 22.20154906)
(19.75959519 41.62947234 11.68843835)
(8.111058052 67.76369207 34.3557571)
(10.86899553 79.55020105 33.32865553)
(7.41044545 56.38640722 22.20651948)
(9.449239236 54.98686593 9.278367788)
(6.801647256 34.21425051 32.61665103)
(12.35442723 22.89064229 33.73524376)
(10.58017751 13.54156279 45.22856477)
(10.36171589 34.01189768 21.02521481)
(9.144117015 46.46957534 17.67664408)
(9.2074052 41.82653809 8.255185186)
(26.87414791 38.17517942 45.78775187)
(9.84785455 66.15971939 45.632392)
(32.68968766 55.85433216 44.11550488)
(45.9358508 58.62800235 42.57690519)
(49.36881494 83.85793506 50.02865069)
(19.80780061 66.24536974 47.02903895)
(26.79137962 82.42870573 73.61771014)
(9.192843234 79.8894544 45.63328773)
(7.749302056 65.84984369 55.7731933)
(72.52133887 40.97341811 74.1920504)
(54.4977526 21.90126645 69.90819252)
(78.28064129 68.063587 70.48173591)
(47.1470979 90.41967622 68.65797465)
(34.50971861 28.90293554 48.87764035)
(25.37328 69.90359548 58.01478381)
(24.57578572 14.50253312 57.23902803)
(20.96053197 12.5381252 67.58913395)
(8.754529593 21.75325312 54.50001807)
(46.92184343 58.16499772 56.70345676)
(33.33985469 68.22122757 55.18835003)
(19.56855333 77.77263617 56.26206536)
(20.94813105 77.44624359 66.86676432)
(24.88336255 66.44487063 72.19562854)
(43.15340698 46.25438151 40.41592791)
(59.7620686 43.33611642 57.97909468)
(68.63119969 43.26360025 66.34041271)
(73.97906517 17.22657882 71.41154167)
(72.83329787 82.54193005 69.49170129)
(68.54487406 11.42830546 49.05800381)
(46.74086008 33.14347741 66.32420587)
(42.84471727 20.86404312 68.12355811)
(44.21563451 12.77102774 23.33884953)
(34.44763073 67.70773594 67.83943725)
(32.33426211 24.24231632 70.62129293)
(54.17519797 52.82632919 70.35923664)
(47.2510671 68.79272996 68.23453799)
(42.06286868 79.68356738 61.0425961)
(73.01779063 83.2086857 47.207965)
(32.09461218 78.86088103 67.49501732)
(31.39925914 70.38991673 73.34288597)
(44.38083519 33.72896006 55.35002112)
(34.21970055 20.07554914 57.44270911)
(66.45083115 48.67920685 74.05963065)
(59.58228157 38.52129815 81.13819927)
(45.28847618 66.02791233 78.16920734)
(47.21382156 23.03119053 82.76966109)
(45.58335826 11.35686959 90.10427374)
(34.3668623 15.48478812 80.01144166)
(22.58783091 68.89752127 82.56057863)
(35.09534266 79.9282186 76.67247302)
(32.0433627 81.29871884 89.32690493)
(37.27025533 74.96994803 92.73919695)
(84.30377862 47.62568506 91.76320349)
(91.52131914 42.09452591 90.63318077)
(70.71149729 37.27122622 92.55269745)
(68.79426112 21.31757431 90.47392448)
(51.85097808 69.62684959 93.33489197)
(53.58199222 23.89485536 91.87035218)
(46.16149719 68.79825834 90.6476602)
(79.22098148 55.84243957 92.42600905)
(70.14345717 68.67863952 92.48707452)
(66.55303386 80.95543142 89.66366455)
(69.78050506 58.65198615 78.25151637)
(55.31000529 79.14837272 91.17869353)
(56.6869713 68.33362865 75.50540814)
(80.86588465 46.78714412 79.78062305)
(66.60846179 34.33343903 77.33368208)
(59.81039694 25.30425666 83.25297744)
(56.34493682 34.75916603 66.94571881)
(79.34765503 33.97865952 92.5802355)
(78.68572937 90.38807162 32.82205417)
(89.14346856 90.70686563 9.680547279)
(89.0781386 88.82142263 22.06160504)
(78.88091634 88.56372832 13.2211634)
(91.86914237 77.23533448 23.77402935)
(91.10079943 90.70733888 34.23339272)
(90.1487271 79.12803564 36.75232347)
(84.56767215 90.895669 45.53825511)
(91.44859565 78.86412434 51.45622502)
(91.08712749 90.5103043 55.99027193)
(79.83125256 92.15562655 58.02072434)
(90.99246997 90.53121743 67.94332107)
(91.90727277 91.81520474 78.99635739)
(81.50982983 92.47148022 78.63105863)
(92.75880099 78.97825939 80.62813367)
(89.97365246 89.360615 89.50440068)
(70.51076179 19.98391537 28.47424553)
(90.53906264 9.366140999 10.55189053)
(90.18430107 9.13542859 20.64892748)
(91.40869099 23.07719554 17.78133808)
(79.90630184 23.57136811 8.267323117)
(81.44920181 33.1190022 11.05210143)
(89.57228293 35.27152181 19.02130884)
(82.72346063 47.23381415 9.796777552)
(89.99999419 55.64692116 10.98683485)
(92.39513656 45.06317394 20.64897456)
(78.63858085 59.18133911 14.29676555)
(90.14069865 68.4093707 9.002722791)
(90.20309268 56.26304408 25.24682664)
(89.11078445 78.2677237 11.92518749)
(78.49047894 72.63063243 10.17387496)
(7.877922845 92.42491827 7.179154502)
(20.10550243 91.88923738 11.3542711)
(30.66428452 91.46595558 10.44155434)
(24.27653217 78.9066107 11.49362579)
(22.05559907 89.03851844 20.81697422)
(44.86156586 89.95705985 13.79940383)
(34.53479719 81.60119989 11.2854753)
(34.17941796 88.44305982 22.16243936)
(58.98053628 90.90564544 11.29561434)
(43.45927981 76.60761569 10.66862561)
(68.87223899 90.58766066 9.532673103)
(54.39432144 78.70829735 10.41897877)
(53.72353245 89.92239518 22.2029833)
(46.38957716 77.15656856 91.95416273)
(17.35530222 44.24879486 92.53002565)
(23.19034615 32.065591 90.81664576)
(33.7616874 20.64991222 90.64477794)
(91.71793827 8.373564662 90.31377982)
(92.62301062 9.53134454 79.26995823)
(80.33252407 23.58509046 89.7243613)
(91.87944543 21.83467734 78.52772276)
(93.06721529 34.31908807 73.38736676)
(92.42736266 55.68160587 91.78192492)
(90.91109698 44.49121248 79.96969821)
(91.02663277 66.89350305 91.56370783)
(93.37934682 58.62685397 79.2877406)
(91.75590718 80.09635047 92.30801509)
(78.14289568 79.68085651 92.60498813)
(10.28689841 90.45728378 90.16953722)
(21.56059879 92.4614989 92.61500251)
(31.60369594 90.21092209 91.58539598)
(20.08938767 79.30833563 90.797398)
(27.84928808 90.23081649 79.51291551)
(45.32805476 91.12780919 92.04697705)
(56.53955851 90.76501132 90.38653689)
(44.61132909 91.37494884 78.73393823)
(68.29121939 92.1318138 90.25825633)
(57.91131132 88.36909178 79.11963536)
(78.64465301 89.51574154 88.94750846)
(9.953463735 11.50261571 90.55897868)
(21.99539784 10.07941354 89.33959564)
(32.95852626 9.720385447 90.90751152)
(19.72347445 21.44702495 91.52426689)
(20.75476804 15.44696003 80.09957767)
(58.85959898 10.876318 89.56580191)
(46.22897039 11.01990473 77.40345794)
(70.12862942 9.186669074 92.02725809)
(59.26641149 11.36094693 77.49294116)
(78.85385171 11.11037942 89.10893922)
(82.16208798 9.85973091 78.03455685)
(79.51482016 10.33855437 29.27749848)
(90.6000447 10.99344334 30.56399526)
(92.60905991 22.02447281 33.17104533)
(88.99040668 11.91651742 42.16035675)
(77.86834062 9.15398589 45.7464267)
(89.29078597 23.56194883 43.38851595)
(88.46403755 9.665133412 55.86703921)
(74.34565496 8.104417391 58.13484778)
(89.23164283 22.3095884 56.01238257)
(91.36105105 11.42913989 69.00909871)
(10.3100824 10.96292174 10.32200011)
(22.50520239 11.13558269 13.48255083)
(35.69143146 8.778707558 10.68849008)
(22.81778459 22.5274174 8.666499747)
(20.67690388 10.29338217 24.90368478)
(47.25781377 11.46623437 11.02526705)
(36.26943248 22.20539327 11.77989797)
(31.73996965 11.08011844 21.34405367)
(57.88784147 10.26190365 9.521358029)
(46.98530805 26.20852358 10.66380617)
(67.78921305 9.150479668 10.75439818)
(58.00309295 22.75756946 8.524895743)
(56.98670796 8.970403062 22.95585041)
(77.97637237 10.44879736 10.85687826)
(7.503195 79.28484352 58.30705366)
(7.261478839 65.11128971 71.31468362)
(10.01982396 20.35169988 65.83119292)
(9.030126226 31.63670106 77.40889405)
(10.03989148 88.59016869 20.34755586)
(11.39729499 76.93358281 21.7467533)
(11.03738019 90.01008822 35.7089169)
(20.38814152 89.49025276 31.78628589)
(11.35930435 91.0531293 45.92460121)
(23.41945861 92.58555527 43.76630226)
(11.0082665 88.02472739 55.11404755)
(21.74609339 90.29480107 53.90916791)
(9.799301392 90.52833684 64.97340615)
(8.836014556 80.69806919 80.33599388)
(10.25035852 28.25547133 10.06837717)
(12.7440248 22.40983986 19.70660633)
(21.22775577 31.40923628 10.05068658)
(21.31411073 58.45726561 18.13809164)
(9.215132786 72.41768227 9.249054405)
(15.1950086 83.41197923 8.644767759)
(8.796473803 32.27073566 93.53945684)
(8.142235122 24.68006692 91.19579766)
(7.666309531 19.53699205 82.06668902)
(10.66058209 70.18788642 91.86484737)
(9.085470743 79.1787646 91.29937386)
(9.537601207 9.859422357 21.25626352)
(9.480433317 9.436534107 32.96167043)
(20.34156096 11.39738042 35.8780725)
(25.40125915 7.957630151 44.11124528)
(12.45642915 12.26051126 58.77109352)
(11.52975006 10.91649913 76.95046029)
(58.04732568 35.78412713 94.62248586)
(80.55824217 67.88165969 90.12651266)
(80.87241477 73.91640989 78.56972496)
(81.53082588 57.90270079 78.94122811)
(78.53881977 58.66457662 67.87988881)
(69.16400438 51.87112271 94.69067502)
(67.69065484 45.65520939 94.93930124)
(76.32600245 45.71310911 93.39112762)
(63.40454149 39.58402899 95.45368272)
(63.40445088 51.22812842 90.02149736)
(68.38607579 72.69945322 79.76576639)
(67.22994189 71.20068323 66.09387487)
(66.64579556 58.37779909 68.12939724)
(66.20374449 43.38307256 81.88527786)
(60.9147733 63.50415021 94.09999635)
(40.07015735 65.58256441 93.34472187)
(36.88886112 32.45762894 94.11200616)
(30.30994684 32.63456059 91.98617938)
(80.20664298 33.42500035 76.12792936)
(79.88658909 21.07094155 77.6302048)
(77.05624892 38.68031567 62.45528214)
(66.65039774 22.66868922 76.58528175)
(63.97029529 29.11424614 93.5745292)
(69.62363105 9.98247531 80.38204473)
(67.77743801 30.60282435 67.35784619)
(61.0402222 42.34008356 89.70477126)
(68.74785356 35.13415278 54.9461121)
(69.33471893 58.64030483 93.7964913)
(74.0623161 63.24783455 84.19253204)
(71.54935438 55.03288191 86.09279781)
(65.26854701 60.08693756 87.29279583)
(57.84137926 53.29680397 84.75400925)
(65.24101111 51.92051312 82.01415725)
(5.567583461 54.80119757 30.18992379)
(12.91884118 50.70846738 28.30276247)
(40.50669406 67.95258165 34.38092472)
(34.93148254 58.41886438 13.92938774)
(21.12024927 70.70774134 18.85367508)
(8.617270522 66.37940833 21.69676578)
(5.79667953 62.15916915 30.30440979)
(13.5560573 48.04195261 38.27103214)
(10.74829495 53.61075423 37.43188851)
(7.60913367 42.44867719 37.6100767)
(6.604335609 45.15690693 30.82053347)
(5.704303353 48.27615914 24.46454648)
(32.57605707 47.33339826 20.08576483)
(5.952573646 40.38194664 25.58583199)
(5.259656025 58.66250728 37.2928631)
(6.365103687 62.91694749 42.70520977)
(5.364119928 63.50089892 62.08575552)
(11.17110308 80.80767392 69.7658146)
(6.983338098 71.32202274 80.89584026)
(21.48121473 87.96548351 65.80702261)
(17.22707964 80.06377243 76.73998354)
(6.817739946 32.35515964 60.09947839)
(19.40922758 41.80207439 38.59841041)
(35.67085586 33.98730607 37.30715178)
(12.35154935 37.45069291 38.04120417)
(6.850611311 33.21638856 41.29406382)
(16.10724979 44.02211178 31.21556121)
(13.6912809 37.12935501 30.63697912)
(13.2102211 42.31910559 24.36768786)
(5.358805433 50.08295193 34.80429395)
(16.01419774 56.20429692 44.92215866)
(11.52414343 60.08794377 36.61197294)
(12.98296306 59.47797103 28.8607353)
(51.60441205 45.23817193 78.54337071)
(59.0280165 47.67416172 76.9241168)
(80.53896637 47.94528556 68.69760008)
(91.73498645 44.47908856 67.9091878)
(87.52926066 44.15146172 57.68552798)
(70.39398419 47.25192811 58.67417364)
(66.53161403 44.22641111 44.61986058)
(61.076195 53.79339301 76.1360991)
(57.0654436 78.94478129 66.65821344)
(62.82278256 65.34521951 55.93556713)
(56.63290116 55.83526939 60.12634597)
(55.94894608 53.91927697 48.1179217)
(60.60613464 49.03444379 66.75134427)
(51.6718657 52.26981729 79.07233037)
(54.13411493 58.46425443 77.30090999)
(56.30076205 76.26187621 80.48496073)
(45.31464033 77.94551088 73.99043116)
(51.4425462 37.39305135 75.38082683)
(56.89738251 9.583472736 68.5357561)
(57.81066198 13.06503754 56.95955719)
(56.51128734 29.82516115 56.82057205)
(60.03444932 33.95319685 45.4486438)
(51.50477958 43.42401649 69.74476151)
(45.96674451 49.63100233 73.82581474)
(55.25067351 43.65564969 45.25262411)
(45.95535649 58.40427536 78.31086055)
(47.49758297 57.72603032 71.27031279)
(43.32416049 68.21238407 58.43441604)
(47.61458102 70.55021684 45.38242936)
(48.3069545 55.40338454 64.94420184)
(46.6155388 7.69938126 65.73897164)
(45.51564628 24.05346382 55.00242965)
(45.74139471 40.26593418 78.77393978)
(45.60669925 31.17330409 75.92998688)
(50.35488534 39.46472055 61.55809463)
(40.67850761 44.80076944 67.5384372)
(48.81977227 48.70032276 61.54819411)
(37.66195906 64.73733776 77.56249588)
(42.26269661 62.45741315 77.30676131)
(43.50872867 60.65698016 64.3583457)
(40.27341052 53.17798835 67.78435412)
(40.31773201 34.54565045 83.33895899)
(56.98748331 46.52839533 84.96586764)
(52.90571912 40.08642792 85.2310581)
(61.29756852 61.22795145 80.4537578)
(46.58726777 63.64011314 82.42821293)
(47.43637623 64.12211083 88.08898411)
(35.68332761 39.06042845 71.39564701)
(41.9913421 39.45813533 72.73396283)
(42.28108929 39.41676621 60.20013248)
(53.73144573 22.62347357 46.02423804)
(47.90131698 33.79466745 44.9521162)
(41.23434819 46.49941267 59.57232204)
(39.89761878 51.83915069 52.78199164)
(29.16033908 62.56281788 71.08086241)
(35.65471103 64.05284096 71.64225014)
(39.00542174 71.3397945 68.68351392)
(34.87889665 89.92159327 67.51413621)
(33.50978556 89.93029167 52.88071038)
(29.24020617 79.36106776 57.92702735)
(38.11611683 77.71081071 47.52184966)
(37.40298327 64.91894142 64.22954855)
(31.8051761 66.86447002 44.93830556)
(34.62826822 59.2265974 66.68450376)
(37.67871954 60.30218391 58.58780935)
(33.83108302 54.38331675 62.39446396)
(37.8297188 36.03668232 76.82485202)
(31.14765477 34.50901088 70.86028926)
(34.08477585 11.57049017 66.57662486)
(32.94130882 7.296201526 56.02679254)
(30.48910342 39.12406867 66.77061943)
(32.01949757 63.89237301 76.54950506)
(29.79167065 64.2475997 66.39966019)
(36.67534556 37.07620303 65.16483477)
(34.68351129 48.3476279 61.35246549)
(24.91064825 36.38067853 66.83643613)
(28.93235102 39.43107189 60.8548857)
(28.79611689 45.11199235 55.15683894)
(29.55814503 55.5272202 55.21027864)
(57.58681063 58.71912653 89.41036839)
(59.79054032 68.45023417 86.63152079)
(52.68608471 62.89745652 89.27759864)
(51.2516172 69.99945856 85.91219193)
(53.47399175 62.62814813 94.68781305)
(41.97766892 64.17747446 87.89666655)
(47.03824705 64.45821917 94.43807269)
(36.7065091 64.77943747 82.93586473)
(41.51028524 62.92365466 82.44332104)
(28.27722967 62.2819049 60.72306639)
(22.90381219 52.09198831 49.62424244)
(24.05494132 38.62478259 59.20821336)
(27.94220486 30.55095342 61.36908219)
(20.78219866 39.42085193 53.68676614)
(21.93736253 45.42143958 49.47077211)
(12.96577934 64.84942391 58.99426469)
(19.12216098 65.15460548 61.36899882)
(18.76565736 71.98343973 61.43032622)
(18.2441548 61.26006224 53.28550003)
(22.87336889 30.49606588 52.053111)
(17.16586991 39.1882973 48.29091992)
(16.23191419 46.77261583 44.93147933)
(13.18787589 64.52789262 53.26199878)
(6.520070132 64.52397448 49.0486546)
(12.44507157 62.60808538 48.48176195)
(11.22418116 39.51690147 44.81059551)
(23.51331191 63.61527245 66.39577525)
(70.29938086 46.88875134 87.78927152)
(77.48341939 50.29191547 86.65711559)
(73.79529689 50.37535538 78.3254704)
(23.32803792 51.86056342 40.61469012)
(13.36594113 64.06115497 41.98310125)
(24.45341912 62.69450288 54.73706182)
(23.46620086 58.74590819 48.11138439)
(41.2937192 54.57909441 61.07087104)
(7.081942809 71.53453843 42.80906437)
(62.56117249 72.22154258 94.2126232)
(33.0231341 71.2911009 63.2415959)
(27.88047972 65.18922776 80.60776575)
(19.00221015 64.54845821 69.7613097)
(25.36563719 75.16550879 73.98314469)
(41.35537141 61.25230857 71.39896841)
(38.31424459 71.75458819 75.68923676)
(34.39382059 70.1631104 81.24910047)
(52.80951422 61.96590602 83.17340986)
(48.71096471 69.75496928 78.98599154)
(47.34608631 76.65704877 83.25132364)
(71.16749642 90.76568856 79.01601071)
(57.36120478 93.09521518 69.94523022)
(63.88811713 79.28746455 55.53281685)
(48.70453338 63.72609865 75.37272813)
(41.82967512 69.12907685 80.02958381)
(42.58956262 69.72744073 86.0998989)
(42.96916907 67.9135879 74.14012318)
(18.83212487 68.29889651 54.94494633)
(25.20738049 72.22105704 51.24246792)
(13.10298522 71.16913374 57.8650567)
(13.24537448 71.0460206 49.34508387)
(5.76171631 72.10378394 52.64400967)
(14.76531393 72.29105926 40.8330352)
(6.536066213 70.43882642 61.92463829)
(25.78368009 71.32538976 65.25416417)
(36.53341097 67.92245023 88.11888603)
(12.78273173 64.34871999 65.05950825)
(20.24380876 69.18330834 66.69317093)
(43.30785408 71.11399318 95.03602961)
(19.34678425 65.12637078 76.11447275)
(24.13890941 69.85481883 77.19825101)
(25.83691232 62.89917699 87.47766917)
(13.3156069 63.22996109 72.65733618)
(18.42776609 71.29468594 78.50292895)
(19.78213723 62.90883025 82.26697891)
(27.59283469 71.86096688 80.97077059)
(14.09448371 70.54927281 66.56000586)
(14.17681098 78.40091503 62.66997342)
(12.70493564 71.72223117 75.42324305)
(32.22289066 64.3166182 86.5290454)
(29.48568002 77.81090282 82.49570019)
(31.37746009 71.31716955 87.50809669)
(32.55027141 65.41289778 93.51356322)
(38.53429511 75.65217214 83.95321796)
(19.32902921 71.47110488 72.11059049)
(15.70336012 58.10293745 84.8524146)
(13.23503351 65.47706599 80.83673166)
(15.69695056 72.6008143 83.97847023)
(17.96943559 65.54748104 88.64866568)
(22.7993105 76.74594501 80.78354914)
(24.31257986 71.67508197 88.92031738)
(24.62424409 63.92956664 94.08078989)
(6.435901054 74.21211187 69.34460106)
(8.685106994 60.0744339 79.13492603)
(8.139346617 61.80105932 89.54716474)
(7.553410105 37.99676723 69.3769758)
(8.278792989 53.22763292 80.29323179)
(10.02477539 46.22125272 81.11559906)
(7.965488517 55.12967871 87.95700444)
(21.27742152 58.40806628 90.6812667)
(15.23138443 62.2160465 94.11675689)
(15.11074915 49.90109837 88.02939873)
(16.49023419 54.91617685 92.81353944)
(14.57035486 36.15569894 71.57969737)
(7.53954332 41.1726341 75.20659706)
(7.786426447 41.62853313 90.88376596)
(6.091836135 48.38623386 87.82242823)
(8.483088155 49.61651181 94.068723)
(16.52510342 42.10926777 85.0556744)
(21.07871118 39.58442841 91.89410929)
(27.60188234 40.26419244 93.4940848)
(14.22551803 39.01467369 78.58381757)
(20.84759528 35.60268074 71.20227177)
(20.92532678 37.52977542 82.67964931)
(19.4378586 37.38642812 76.186044)
(26.30837572 37.72477878 86.84240238)
(32.01552249 35.18487863 84.54350587)
(12.8434033 35.1821668 64.8541318)
(8.016961442 30.71973264 69.25746356)
(18.4534211 31.19525991 76.7752004)
(12.80314514 22.38023758 75.30553648)
(15.71171989 28.91997714 70.24108958)
(7.940715057 36.16165203 84.4376173)
(16.44222626 30.18377544 85.66760289)
(43.96093067 32.04600628 92.74808075)
(36.70264748 35.14634101 88.62733419)
(27.68342481 25.38489729 85.65428258)
(13.8612541 37.56366365 93.03248074)
(25.91681654 33.38533033 82.47707082)
(17.6521045 34.64679987 59.56270382)
(6.447250438 35.09033257 51.05595415)
(19.0683548 32.53806228 66.07280563)
(24.53566172 29.22147943 70.17076823)
(13.61437898 28.85024461 63.71258816)
(52.13017191 32.10163344 94.15016896)
(48.150076 34.55527394 86.6213798)
(43.55582452 23.53888203 93.03096344)
(21.19468928 22.28618123 71.34978704)
(32.31053008 31.5880917 78.11914752)
(25.10392092 34.77325373 75.74316329)
(24.77449214 25.11462928 77.87968525)
(36.71262701 27.90351739 86.0028523)
(32.52618736 24.97461398 79.19326109)
(14.32264403 28.85896937 46.47168074)
(13.33488678 33.81099339 53.41591584)
(6.514749122 26.97881194 48.59491381)
(16.35698556 25.17737178 56.61233839)
(19.69869576 24.04687142 63.97652494)
(39.14363496 26.66982155 77.23622475)
(38.58419367 31.58979068 70.88737175)
(38.01320102 29.26261513 62.19020197)
(35.47951437 12.08735863 46.82015892)
(27.00373019 20.25566556 65.51810231)
(56.44836825 32.77251724 87.27305827)
(28.94927718 36.43334616 53.74645179)
(34.85061271 42.35664373 61.69656574)
(35.06726443 36.28508484 57.56561852)
(78.86820115 92.57848659 68.34731666)
(90.80680425 76.41361164 66.20615113)
(67.11268815 91.619572 65.89119299)
(80.94829984 80.32867697 60.99466897)
(90.70501215 58.81412139 68.14545227)
(80.76647985 12.30035653 65.32712586)
(90.93889736 23.49313144 67.88792568)
(69.51072493 9.040205346 68.61971754)
(78.26405954 25.77164481 63.75091637)
(90.31926988 68.45791616 79.4487382)
(89.71333347 67.02632951 20.25458502)
(60.3699875 68.06085883 9.9432436)
(80.36447276 76.74329539 23.47941793)
(90.73383678 67.5967461 32.88977403)
(79.38908374 19.77651278 48.05466406)
(91.48589171 34.7311302 44.71412962)
(66.93891668 23.08048922 45.09587609)
(80.85690843 28.85950186 41.8309785)
(77.61327789 17.16984912 56.67934834)
(81.79029329 23.99710917 30.49612231)
(91.76672886 46.6007503 48.32752295)
(92.43805457 35.58966964 55.77006482)
(89.14543288 33.40397918 32.4382773)
(79.07980879 76.81944939 36.64887981)
(68.89313679 79.04526332 30.9681985)
(83.20109888 68.42568374 41.8267654)
(81.86187952 75.72780676 48.13613342)
(92.03234883 70.43089024 44.28715908)
(80.33014521 20.26816445 19.14559329)
(74.17821144 68.25432313 57.99349596)
(86.98961608 67.20475763 56.20904733)
(91.61933691 45.78426037 33.32324975)
(91.97246979 55.67651184 57.15716035)
(69.38422533 69.14947462 20.12057614)
(60.04087252 78.33035864 20.87270189)
(81.14894235 46.71086224 21.12147192)
(67.98551894 44.96419412 14.61412248)
(75.87355999 47.88996338 33.60381421)
(71.35949663 33.34904882 37.69486411)
(80.08725975 31.02048142 52.37676759)
(88.47728235 57.55337214 42.91784921)
(69.84687627 70.43603358 43.16750186)
(77.1699011 63.28209124 31.71291407)
(82.1005235 42.84138343 44.16855257)
(63.59156297 68.27761555 30.32074702)
(79.70168252 54.08145175 56.44970285)
(70.42041365 54.77468479 46.83236117)
(66.64448057 55.93090705 57.33524584)
(67.89542114 78.34985512 11.96813922)
(67.78506921 90.35059247 22.77178249)
(68.76364012 91.93584375 40.65052692)
(44.61585867 78.76297202 22.78903453)
(32.75912067 71.5901138 22.11727057)
(32.14100487 90.21777084 34.51439542)
(59.46149198 89.42125938 32.6507408)
(42.41404988 65.13237445 21.19099155)
(48.27384655 78.19048323 38.04782331)
(42.47806364 92.06547931 43.19125597)
(54.12854948 65.85310901 20.41444264)
(56.76109443 90.22974581 43.80982119)
(68.53989277 90.76545809 54.56125517)
(56.6091765 91.63448151 58.30997718)
(34.51443122 77.93379607 33.63791806)
(55.03251488 66.16948556 37.86484375)
(59.71864477 77.81130361 41.42727269)
(44.48441633 92.16861834 56.85812518)
(59.61349784 67.38487171 47.17217298)
(22.34701814 68.93346295 8.267909615)
(33.91760837 70.02134507 9.821419973)
(68.64558782 21.19070607 11.13031372)
(69.47045328 10.3519781 22.71041839)
(68.23639034 33.7966939 9.113122353)
(68.25003205 9.851583035 35.50773708)
(34.77203873 43.33925347 8.842620105)
(44.12435717 54.70473964 10.44623919)
(65.99420925 53.99050814 8.92603164)
(32.01245141 32.11502895 11.00390116)
(35.56495272 19.44080147 25.77779973)
(25.79875627 22.7293544 20.14278395)
(57.11763098 34.65127075 8.949189135)
(66.67903331 29.69355167 21.16687219)
(55.36050841 57.87975296 10.13482427)
(45.33835394 40.10370444 11.72117026)
(35.54844353 33.23544607 21.81591158)
(46.62817954 66.25532525 8.898262845)
(44.78087829 27.3754817 26.0622266)
(57.34118597 20.7095057 19.56840624)
(44.45013894 20.0873269 38.29432769)
(55.45859291 47.32337002 9.934322172)
(54.28663376 37.79644021 20.12331197)
(58.83879818 20.08172697 32.8097154)
(57.43761017 51.99853853 20.37200458)
(46.56044228 51.59683348 20.54629891)
(54.82646523 31.44465361 32.05975224)
(57.84874195 44.78802622 33.09037802)
(53.96938845 8.541489016 32.97548689)
(43.94765809 7.526281185 32.2505202)
(56.13233312 10.80419497 43.46944626)
(33.67182204 10.07453879 33.75440917)
(44.85639121 8.0291972 41.55551011)
(69.33903039 23.56282031 55.42317918)
(45.77294403 35.36178822 35.40194625)
(30.68070055 41.93636455 32.67534377)
(57.45262273 57.93787551 32.06007629)
(65.41131203 57.68117346 37.45089639)
(37.61280458 41.38746456 51.59790283)
(60.93687772 40.23671062 72.59926587)
(55.71342566 31.06649729 76.81036619)
(77.5310332 40.97386058 84.68791174)
(67.50987336 32.5736614 85.64436842)
(85.55280743 84.00304463 76.2152122)
(88.72809262 18.58474455 7.44353898)
(89.47607912 27.95725278 6.69926565)
(76.21805027 40.407879 10.52792246)
(38.74759564 88.81642882 6.078257916)
(89.44822223 18.76857369 89.0407719)
(90.44597089 31.52899911 86.54989466)
(88.15024388 53.40508145 85.41717533)
(86.03522886 76.67888569 86.21293277)
(19.08882423 87.16277272 85.21598665)
(41.70856893 84.26828211 85.52978727)
(76.7752742 82.75710425 81.34846153)
(18.60067507 6.592945583 7.377818758)
(29.50889045 15.89895748 8.047924896)
(10.7967816 90.28352783 76.44621146)
(6.631942681 19.56396217 6.439204617)
(18.00169428 8.071278146 52.17296394)
(66.95698469 18.44098525 64.04625524)
(53.83558203 63.22189016 65.26650165)
(39.87475988 62.86550538 51.01280916)
(52.219218 73.37810342 55.64537155)
(87.12076272 33.42142659 63.57186794)
(70.43908468 63.96306265 9.176137475)
(76.69837526 18.52548092 38.83196259)
(53.14715964 75.45969485 29.76767391)
(26.82704996 53.36326916 7.907917191)
)


// ************************************************************************* //
